frame0|1|645,445,992,700,|
frame1|1|643,446,999,700,|
frame2|1|645,444,1003,701,|
frame3|1|644,444,1005,701,|
frame4|1|639,446,1006,700,|
frame5|1|646,443,1003,700,|
frame6|3|666,423,992,700,|196,295,248,385,|119,306,164,386,|
frame7|4|675,407,998,702,|198,301,245,381,|121,310,167,386,|365,250,459,458,|
frame8|4|671,415,1004,703,|120,306,170,390,|260,303,294,387,|197,303,241,380,|
frame9|3|659,429,1007,700,|258,302,294,389,|126,305,173,388,|
frame10|4|666,432,997,700,|259,305,291,382,|131,306,175,387,|78,337,139,431,|
frame11|4|666,438,1014,697,|263,306,301,388,|132,304,178,387,|205,309,246,373,|
frame12|2|666,438,1015,699,|133,308,178,387,|
frame13|3|658,444,1022,701,|80,307,117,377,|133,305,174,387,|
frame14|5|667,434,1014,698,|128,318,182,428,|82,311,119,375,|261,303,299,389,|205,301,251,380,|
frame15|4|675,428,1016,699,|127,319,180,427,|84,315,119,375,|261,306,298,388,|
frame16|4|675,427,1010,698,|126,318,182,427,|84,319,120,376,|262,306,298,388,|
frame17|4|674,429,1013,699,|127,317,183,429,|262,303,300,389,|85,339,140,427,|
frame18|3|671,427,1009,697,|127,317,184,431,|84,334,140,432,|
frame19|2|671,428,1016,699,|130,317,186,430,|
frame20|2|671,429,1015,698,|130,317,187,430,|
frame21|2|671,431,1012,698,|130,317,187,431,|
frame22|2|127,316,185,432,|676,430,1001,698,|
frame23|4|883,481,1054,702,|124,316,183,431,|697,421,894,639,|87,323,122,372,|
frame24|4|698,417,895,639,|884,486,1052,702,|135,312,180,384,|87,324,123,372,|
frame25|3|699,417,892,636,|880,491,1050,700,|126,320,183,430,|
frame26|3|700,415,892,635,|128,326,183,430,|818,411,1066,706,|
frame27|4|732,390,891,608,|130,329,184,429,|813,411,1067,707,|89,326,120,370,|
frame28|4|730,389,893,607,|129,330,184,428,|807,410,1064,705,|88,325,121,370,|
frame29|4|803,408,1068,703,|729,389,892,599,|127,326,186,429,|87,323,122,369,|
frame30|3|800,401,1070,702,|727,384,893,604,|125,326,184,429,|
frame31|3|800,401,1068,703,|123,322,184,432,|725,384,895,606,|
frame32|2|800,402,1068,703,|120,322,185,433,|
frame33|2|688,414,987,699,|124,326,181,432,|
frame34|2|690,412,987,699,|514,330,561,431,|
frame35|3|695,413,976,700,|514,327,561,432,|125,328,181,429,|
frame36|3|687,418,984,701,|121,321,182,431,|514,328,560,430,|
frame37|2|689,415,976,703,|122,320,184,432,|
frame38|3|682,419,963,705,|124,318,186,432,|413,285,509,472,|
frame39|4|684,422,968,706,|413,282,509,470,|123,319,186,431,|1074,368,1199,559,|
frame40|3|683,420,956,706,|124,318,187,431,|416,283,508,466,|
frame41|3|685,420,953,705,|125,317,187,431,|1145,366,1256,564,|
frame42|4|692,425,898,637,|123,318,188,431,|1152,365,1268,560,|415,279,507,471,|
frame43|4|121,318,190,433,|1148,366,1268,559,|694,425,898,638,|414,279,507,472,|
frame44|4|120,320,190,433,|1146,376,1263,579,|692,424,965,709,|416,280,506,472,|
frame45|4|690,419,962,708,|1138,360,1249,561,|120,320,190,432,|265,300,308,385,|
frame46|5|700,417,966,707,|121,319,189,428,|1128,358,1252,558,|264,302,306,384,|414,278,508,477,|
frame47|5|122,317,189,431,|703,415,967,707,|1130,357,1256,556,|264,302,306,384,|414,277,509,477,|
frame48|5|124,317,189,431,|702,419,971,707,|414,277,509,480,|263,301,306,383,|1134,358,1259,557,|
frame49|4|127,317,189,431,|698,422,973,709,|414,276,510,479,|1140,360,1265,561,|
frame50|5|128,320,188,431,|688,425,900,636,|412,275,511,481,|807,402,1050,711,|1133,361,1270,561,|
frame51|5|125,319,188,430,|691,426,899,635,|409,275,514,484,|810,404,1051,710,|265,302,308,381,|
frame52|5|692,427,899,634,|127,322,186,429,|408,275,515,482,|266,304,306,380,|87,322,119,369,|
frame53|5|407,275,516,481,|683,439,899,634,|127,323,185,427,|265,303,304,381,|89,323,118,367,|
frame54|5|689,439,897,634,|408,275,515,482,|126,322,185,427,|264,302,304,380,|89,323,117,367,|
frame55|5|686,440,898,635,|409,274,515,482,|128,324,183,427,|89,323,117,367,|265,302,304,379,|
frame56|4|684,437,897,635,|126,328,182,427,|409,274,513,479,|264,301,305,381,|
frame57|5|124,328,184,428,|678,440,898,635,|265,301,304,382,|409,277,514,479,|1133,265,1266,549,|
frame58|5|676,442,898,637,|125,329,182,427,|409,276,514,480,|266,302,305,383,|1138,235,1275,690,|
frame59|4|676,441,897,637,|409,276,516,480,|126,329,182,428,|263,302,306,385,|
frame60|5|680,431,896,640,|125,330,180,428,|407,279,513,478,|265,298,306,384,|1140,242,1276,697,|
frame61|5|685,421,896,638,|126,329,180,429,|409,278,513,471,|266,297,306,384,|1147,244,1275,708,|
frame62|5|684,427,895,639,|127,328,180,429,|409,278,513,473,|83,340,142,428,|267,297,306,383,|
frame63|5|680,432,895,637,|126,327,179,428,|408,277,512,476,|266,296,305,384,|90,325,118,367,|
frame64|5|678,433,896,638,|127,329,178,427,|267,296,305,385,|91,324,117,366,|409,272,512,473,|
frame65|5|690,426,966,711,|126,326,179,428,|267,295,306,387,|408,270,514,474,|91,324,117,366,|
frame66|4|679,428,895,637,|125,324,180,429,|267,295,306,387,|410,268,511,476,|
frame67|4|125,324,181,430,|679,431,894,638,|409,270,509,480,|266,295,305,386,|
frame68|4|124,321,183,430,|679,427,895,638,|411,272,509,478,|266,296,307,387,|
frame69|4|122,320,184,432,|678,430,896,637,|409,270,510,481,|265,296,306,388,|
frame70|2|123,320,183,431,|675,433,898,638,|
frame71|3|123,319,183,432,|676,442,896,638,|267,296,308,390,|
frame72|3|120,320,184,431,|676,432,896,638,|267,298,308,390,|
frame73|2|117,319,183,432,|679,443,976,711,|
frame74|3|115,317,183,431,|680,442,976,711,|266,303,307,390,|
frame75|3|116,318,183,431,|681,431,897,640,|267,308,307,389,|
frame76|3|680,430,898,638,|119,318,185,430,|268,308,307,389,|
frame77|4|679,438,899,639,|119,317,185,429,|268,307,307,387,|758,367,830,483,|
frame78|3|119,315,185,430,|680,434,897,638,|267,306,305,385,|
frame79|3|120,313,187,429,|679,432,897,640,|267,305,306,385,|
frame80|3|266,304,307,385,|131,301,177,388,|680,433,898,638,|
frame81|3|267,305,306,384,|134,302,177,385,|682,434,898,637,|
frame82|3|267,305,308,386,|122,312,189,430,|683,438,899,636,|
frame83|3|266,303,309,387,|123,312,190,430,|685,441,899,635,|
frame84|3|121,313,189,430,|268,305,308,386,|781,465,917,664,|
frame85|3|123,311,190,429,|268,306,307,385,|682,440,899,637,|
frame86|3|122,312,189,429,|268,307,307,385,|681,445,900,637,|
frame87|5|120,314,189,430,|268,309,307,385,|684,444,900,637,|89,317,121,364,|889,481,1049,704,|
frame88|4|119,316,189,429,|688,442,898,634,|269,309,308,385,|89,320,120,364,|
frame89|5|122,319,190,429,|687,435,897,634,|88,322,118,365,|270,309,307,382,|889,481,1049,704,|
frame90|2|124,320,189,429,|686,438,897,636,|
frame91|3|123,319,189,430,|887,484,1051,704,|685,445,898,639,|
frame92|2|121,320,191,431,|886,485,1052,704,|
frame93|2|119,320,192,431,|886,488,1052,704,|
frame94|2|119,322,192,431,|886,487,1050,704,|
frame95|3|124,323,190,431,|694,440,894,638,|885,487,1050,704,|
frame96|3|122,322,190,431,|695,441,893,638,|884,486,1050,704,|
frame97|3|122,322,189,431,|692,442,893,638,|860,465,1025,696,|
frame98|3|123,324,188,430,|692,441,892,637,|883,490,1050,704,|
frame99|2|125,326,185,429,|690,437,890,636,|
frame100|3|127,327,184,428,|690,428,890,636,|885,492,1049,704,|
frame101|2|125,328,184,427,|690,425,890,637,|
frame102|2|126,327,183,428,|689,430,892,638,|
frame103|2|125,327,183,428,|688,437,894,640,|
frame104|2|125,327,182,428,|687,444,895,640,|
frame105|2|122,324,185,429,|684,444,899,640,|
frame106|2|125,325,185,428,|687,446,899,641,|
frame107|2|127,326,184,427,|688,441,897,638,|
frame108|2|124,325,187,427,|692,437,895,637,|
frame109|2|124,325,188,427,|690,443,896,640,|
frame110|2|123,326,188,428,|690,442,896,640,|
frame111|2|121,323,188,429,|690,440,896,640,|
frame112|2|124,319,190,430,|689,437,896,642,|
frame113|2|124,319,188,429,|688,435,895,639,|
frame114|2|127,320,186,429,|689,435,895,640,|
frame115|3|127,319,186,430,|689,437,895,640,|430,275,532,464,|
frame116|3|126,321,186,430,|688,439,895,639,|90,318,119,364,|
frame117|2|126,317,188,431,|689,439,895,640,|
frame118|3|123,315,188,430,|690,441,894,638,|872,469,1020,697,|
frame119|3|123,316,189,430,|688,441,895,637,|873,469,1021,697,|
frame120|3|124,322,187,429,|689,444,895,635,|870,469,1019,697,|
frame121|2|126,324,186,429,|688,444,895,637,|
frame122|2|126,321,187,430,|687,442,894,636,|
frame123|2|124,320,186,430,|686,442,894,637,|
frame124|2|685,441,894,636,|123,320,184,429,|
frame125|1|683,440,894,636,|
frame126|1|683,440,894,635,|
frame127|2|684,438,893,635,|118,318,185,429,|
frame128|2|684,436,893,634,|119,321,184,429,|
frame129|2|682,439,894,636,|119,319,183,429,|
frame130|2|683,441,894,634,|121,321,183,429,|
frame131|2|680,438,893,634,|122,320,184,430,|
frame132|2|676,437,894,635,|122,320,184,430,|
frame133|2|676,438,892,635,|122,320,184,430,|
frame134|2|674,437,893,635,|123,322,185,430,|
frame135|2|122,323,184,430,|676,436,894,636,|
frame136|2|674,433,891,635,|124,324,184,428,|
frame137|2|676,432,890,636,|125,327,182,426,|
frame138|1|676,431,890,636,|
frame139|1|721,389,878,604,|
frame140|1|677,440,992,705,|
frame141|2|677,437,994,704,|124,327,183,428,|
frame142|1|678,434,982,703,|
frame143|1|679,430,978,701,|
frame144|1|677,434,991,701,|
frame145|2|678,433,989,704,|127,328,184,429,|
frame146|1|680,430,990,707,|
frame147|1|680,438,994,709,|
frame148|1|674,445,993,706,|
frame149|1|672,441,973,705,|
frame150|1|670,436,970,704,|
frame151|1|668,442,966,704,|
frame152|1|677,430,958,706,|
frame153|2|686,447,905,669,|127,325,185,427,|
frame154|2|691,448,899,669,|125,325,185,429,|
frame155|2|694,444,896,668,|125,324,183,430,|
frame156|2|692,443,895,670,|126,322,184,430,|
frame157|2|686,448,895,677,|126,324,183,428,|
frame158|2|683,424,943,712,|127,326,184,429,|
frame159|2|687,447,897,679,|128,327,184,428,|
frame160|2|689,451,896,680,|128,323,186,429,|
frame161|2|692,449,895,680,|136,310,176,376,|
frame162|2|694,450,896,680,|122,316,188,429,|
frame163|2|686,458,895,681,|133,311,174,377,|
frame164|2|684,459,895,681,|134,310,176,378,|
frame165|2|684,459,896,682,|123,317,192,429,|
frame166|2|682,458,896,683,|123,319,190,429,|
frame167|2|683,458,896,682,|121,320,190,429,|
frame168|2|686,457,897,683,|121,318,191,429,|
frame169|2|689,454,897,683,|119,319,191,429,|
frame170|2|690,450,897,685,|121,319,190,430,|
frame171|2|690,447,899,684,|123,322,189,430,|
frame172|2|689,448,898,682,|125,322,188,430,|
frame173|2|691,448,897,681,|125,324,187,430,|
frame174|2|691,448,897,682,|126,324,187,429,|
frame175|2|697,449,895,679,|129,326,187,429,|
frame176|2|699,451,894,677,|128,325,187,430,|
frame177|2|698,452,893,677,|125,325,190,431,|
frame178|2|702,451,893,675,|125,326,188,429,|
frame179|2|705,451,893,673,|123,325,188,429,|
frame180|2|703,451,893,676,|127,328,189,429,|
frame181|2|701,450,893,676,|129,328,189,429,|
frame182|2|702,450,893,673,|128,328,188,429,|
frame183|2|699,448,893,673,|127,329,189,429,|
frame184|2|704,445,893,672,|128,328,187,428,|
frame185|2|702,444,894,674,|129,327,187,427,|
frame186|2|700,445,893,673,|129,326,187,428,|
frame187|2|699,442,891,677,|128,326,186,428,|
frame188|2|696,444,890,674,|129,324,186,428,|
frame189|2|701,443,891,677,|128,323,186,428,|
frame190|2|699,443,891,676,|128,326,184,426,|
frame191|2|697,447,892,674,|130,329,182,426,|
frame192|2|695,449,892,674,|131,326,184,426,|
frame193|2|692,450,892,675,|131,328,185,426,|
frame194|2|690,448,892,675,|131,330,184,427,|
frame195|2|694,451,894,671,|127,327,185,429,|
frame196|2|693,449,894,671,|127,327,186,430,|
frame197|2|692,449,894,671,|125,326,185,430,|
frame198|2|692,449,893,673,|124,323,185,431,|
frame199|2|690,452,893,672,|124,325,184,430,|
frame200|2|689,451,893,672,|126,326,183,430,|
frame201|1|692,452,894,670,|
frame202|1|690,452,894,669,|
frame203|1|691,455,894,670,|
frame204|2|689,455,895,668,|119,319,186,430,|
frame205|1|686,455,895,670,|
frame206|1|684,455,895,670,|
frame207|1|686,452,894,669,|
frame208|1|686,453,895,670,|
frame209|2|688,451,893,669,|126,308,169,380,|
frame210|2|690,451,893,672,|126,308,169,380,|
frame211|2|690,451,894,673,|125,308,170,382,|
frame212|2|690,453,894,673,|126,310,169,380,|
frame213|2|691,453,893,673,|117,319,184,430,|
frame214|2|689,453,894,671,|120,320,183,429,|
frame215|2|692,453,892,673,|121,323,183,429,|
frame216|2|695,450,891,674,|122,323,184,429,|
frame217|2|695,449,892,672,|124,322,184,429,|
frame218|2|695,449,893,674,|124,323,184,429,|
frame219|2|689,451,894,672,|123,324,185,429,|
frame220|2|685,450,893,673,|124,325,185,428,|
frame221|2|687,452,893,673,|124,327,184,426,|
frame222|1|683,453,893,670,|
frame223|1|681,454,894,670,|
frame224|1|681,455,894,671,|
frame225|1|682,452,894,671,|
frame226|2|684,453,894,671,|126,329,184,427,|
frame227|2|684,453,894,671,|127,330,183,428,|
frame228|1|687,452,892,673,|
frame229|2|685,451,893,670,|127,331,183,427,|
frame230|1|684,450,893,672,|
frame231|2|682,446,894,672,|127,331,181,427,|
frame232|2|690,445,892,673,|126,330,182,427,|
frame233|2|685,445,893,675,|126,330,182,427,|
frame234|2|685,445,894,672,|128,331,182,426,|
frame235|1|686,447,894,676,|
frame236|1|688,448,895,678,|
frame237|1|686,448,897,680,|
frame238|2|672,430,930,714,|128,325,183,426,|
frame239|2|669,431,930,715,|128,320,186,428,|
frame240|2|666,429,936,714,|127,317,188,430,|
frame241|2|664,430,941,713,|129,318,186,429,|
frame242|2|661,434,952,712,|128,318,185,429,|
frame243|2|666,434,949,712,|126,320,183,430,|
frame244|2|675,428,946,713,|125,322,183,430,|
frame245|2|671,432,961,712,|123,320,185,431,|
frame246|2|664,435,969,711,|122,319,186,431,|
frame247|2|667,427,975,711,|120,320,189,432,|
frame248|2|668,428,971,710,|119,323,191,431,|
frame249|2|670,430,983,710,|119,321,192,430,|
frame250|1|676,433,975,711,|
frame251|2|675,428,975,709,|121,322,188,429,|
frame252|2|666,427,979,707,|121,318,189,430,|
frame253|2|669,424,968,710,|119,316,189,430,|
frame254|2|696,422,899,647,|122,318,190,430,|
frame255|2|685,453,901,663,|123,319,189,429,|
frame256|2|688,445,903,664,|123,321,188,428,|
frame257|3|693,447,900,665,|122,321,188,429,|898,491,1040,710,|
frame258|2|689,442,898,666,|122,320,187,429,|
frame259|3|689,425,969,708,|122,322,187,429,|894,483,1037,709,|
frame260|2|121,325,187,429,|684,452,903,665,|
frame261|3|679,447,903,664,|122,325,186,430,|894,469,1036,709,|
frame262|3|679,449,900,664,|884,459,1024,699,|123,327,186,430,|
frame263|3|684,453,903,664,|890,478,1035,708,|124,330,184,430,|
frame264|3|690,449,901,663,|124,328,183,430,|873,460,1024,699,|
frame265|3|684,458,900,662,|123,330,183,429,|865,464,1022,700,|
frame266|3|683,457,900,660,|122,323,185,430,|873,463,1023,700,|
frame267|2|680,456,901,656,|122,323,185,430,|
frame268|2|690,449,900,657,|125,324,185,430,|
frame269|2|682,459,901,657,|126,324,185,429,|
frame270|2|683,459,899,656,|125,322,186,431,|
frame271|2|683,457,897,656,|125,322,186,433,|
frame272|3|684,455,898,656,|123,322,186,431,|427,283,525,467,|
frame273|3|680,456,900,654,|122,322,186,431,|428,281,525,469,|
frame274|3|689,457,899,654,|122,322,186,430,|428,281,525,470,|
frame275|3|694,456,899,654,|123,322,187,431,|429,281,524,469,|
frame276|3|689,457,900,654,|123,323,187,430,|428,277,524,470,|
frame277|3|695,457,900,653,|126,323,185,430,|429,279,525,468,|
frame278|3|698,456,899,654,|127,323,184,429,|429,280,526,468,|
frame279|3|698,457,898,655,|127,324,185,431,|429,280,525,467,|
frame280|3|703,458,898,656,|127,323,186,432,|430,280,524,468,|
frame281|2|703,458,899,656,|127,326,185,429,|
frame282|2|127,328,184,429,|698,458,898,656,|
frame283|2|127,329,184,429,|702,458,897,655,|
frame284|3|127,328,183,429,|711,445,898,634,|428,279,525,467,|
frame285|2|126,326,184,432,|710,446,897,636,|
frame286|1|125,323,184,432,|
frame287|1|124,325,184,431,|
frame288|1|122,323,184,433,|
frame289|1|121,321,184,433,|
frame290|2|122,322,182,433,|684,457,902,659,|
frame291|2|121,323,181,433,|680,456,902,659,|
frame292|1|122,323,181,433,|
frame293|1|121,321,180,433,|
frame294|3|119,321,180,432,|395,381,468,459,|671,455,902,659,|
frame295|2|674,454,900,660,|119,320,180,432,|
frame296|2|677,453,900,659,|116,319,179,433,|
frame297|1|683,452,898,660,|
frame298|1|684,453,898,659,|
frame299|1|680,452,897,659,|
frame300|1|680,452,896,661,|
frame301|1|675,453,898,661,|
frame302|1|676,452,898,661,|
frame303|1|672,452,898,660,|
frame304|0|
frame305|0|
frame306|0|
frame307|0|
frame308|1|667,450,899,664,|
frame309|0|
frame310|0|
frame311|1|668,451,901,663,|
frame312|0|
frame313|0|
frame314|0|
frame315|0|
frame316|0|
frame317|1|137,294,189,399,|
frame318|1|137,295,187,397,|
frame319|0|
frame320|1|126,315,191,431,|
frame321|2|127,312,191,431,|676,438,897,644,|
frame322|2|677,440,896,639,|129,310,193,431,|
frame323|1|675,438,901,640,|
frame324|2|674,434,898,635,|129,310,191,431,|
frame325|2|672,429,899,635,|128,310,192,431,|
frame326|1|672,429,898,635,|
frame327|1|678,433,896,633,|
frame328|0|
frame329|1|129,319,193,431,|
frame330|1|383,364,473,464,|
frame331|1|383,365,469,464,|
frame332|1|381,365,471,464,|
frame333|1|381,364,470,466,|
frame334|1|381,363,468,466,|
frame335|1|382,361,472,466,|
frame336|4|383,360,473,466,|692,316,813,483,|126,319,191,432,|820,431,1069,713,|
frame337|4|384,359,469,468,|823,418,1066,713,|690,312,811,490,|127,320,190,432,|
frame338|2|382,358,462,467,|820,426,1068,713,|
frame339|3|379,358,468,464,|820,423,1068,713,|127,323,190,432,|
frame340|3|378,356,471,464,|127,325,189,432,|679,447,898,640,|
frame341|3|127,323,189,432,|378,355,474,463,|664,454,904,656,|
frame342|2|125,320,190,432,|667,457,904,657,|
frame343|1|123,319,190,432,|
frame344|1|123,320,190,434,|
frame345|0|
frame346|0|
frame347|1|123,322,189,434,|
frame348|1|122,320,190,434,|
frame349|0|
frame350|1|124,311,194,433,|
frame351|1|126,311,194,432,|
frame352|1|123,303,195,432,|
frame353|1|124,307,194,432,|
frame354|1|126,306,194,432,|
frame355|0|
frame356|0|
frame357|1|728,277,868,496,|
frame358|1|728,277,866,496,|
frame359|1|727,276,861,496,|
frame360|2|724,275,863,492,|338,336,500,500,|
frame361|2|342,338,496,499,|725,277,861,489,|
frame362|2|340,342,496,501,|725,276,854,486,|
frame363|2|335,342,497,504,|725,277,848,484,|
frame364|1|331,347,499,504,|
frame365|0|
frame366|1|681,445,899,639,|
frame367|1|683,447,898,642,|
frame368|1|685,448,897,643,|
frame369|1|684,450,898,643,|
frame370|1|674,442,977,714,|
frame371|2|816,424,1068,713,|682,448,901,644,|
frame372|1|814,421,1067,713,|
frame373|2|816,415,1066,714,|327,352,499,516,|
frame374|2|817,410,1066,713,|328,352,499,516,|
frame375|1|817,423,1068,714,|
frame376|1|808,439,1072,714,|
frame377|1|686,447,1010,716,|
frame378|1|683,452,1012,716,|
frame379|1|682,448,1007,715,|
frame380|1|683,448,998,714,|
frame381|1|679,444,998,713,|
frame382|1|699,398,784,499,|
frame383|1|697,439,896,635,|
frame384|2|774,430,916,637,|888,474,1059,709,|
frame385|1|776,430,918,640,|
frame386|1|775,431,916,641,|
frame387|1|774,431,916,640,|
frame388|1|773,432,918,641,|
frame389|1|702,443,901,635,|
frame390|1|676,445,1004,712,|
frame391|1|682,445,1005,713,|
frame392|1|682,450,1016,714,|
frame393|0|
frame394|0|
frame395|1|681,442,987,715,|
frame396|1|810,421,1065,713,|
frame397|1|813,426,1066,714,|
frame398|0|
frame399|0|
frame400|0|
frame401|0|
frame402|0|
frame403|0|
frame404|0|
frame405|0|
frame406|0|
frame407|1|202,299,269,432,|
frame408|0|
frame409|0|
frame410|0|
frame411|0|
frame412|0|
frame413|1|206,305,272,431,|
frame414|0|
frame415|0|
frame416|1|729,274,871,493,|
frame417|2|728,276,867,491,|664,452,906,659,|
frame418|2|728,273,863,494,|127,325,192,430,|
frame419|2|730,277,861,484,|128,328,191,430,|
frame420|3|129,327,192,430,|682,446,900,638,|727,280,852,499,|
frame421|3|130,327,192,429,|682,442,900,638,|207,323,280,429,|
frame422|3|131,322,195,430,|206,315,277,430,|683,441,899,638,|
frame423|3|133,321,195,430,|204,319,269,428,|683,446,898,640,|
frame424|4|206,330,272,427,|135,326,194,429,|267,296,307,390,|679,449,898,642,|
frame425|4|135,330,193,427,|206,334,267,425,|679,450,898,643,|265,296,306,391,|
frame426|4|133,329,194,428,|261,298,305,391,|205,333,264,424,|674,441,976,716,|
frame427|2|136,334,194,425,|205,336,264,422,|
frame428|3|135,334,194,424,|817,422,1065,714,|204,339,267,423,|
frame429|4|687,438,987,718,|135,335,192,423,|200,335,264,423,|297,361,517,554,|
frame430|3|682,435,982,716,|137,335,194,424,|200,334,265,423,|
frame431|3|681,442,999,715,|197,333,268,426,|135,336,193,424,|
frame432|4|197,327,267,427,|131,328,195,426,|683,451,1017,716,|303,351,494,522,|
frame433|3|686,448,1014,715,|194,323,266,428,|131,331,192,426,|
frame434|3|688,445,1015,715,|195,320,265,428,|134,333,191,425,|
frame435|3|681,444,1011,712,|133,328,192,428,|198,319,266,429,|
frame436|4|676,439,904,635,|131,325,194,428,|770,356,835,467,|197,319,266,428,|
frame437|4|131,321,195,428,|767,356,834,468,|680,443,903,634,|197,319,266,428,|
frame438|3|131,318,196,429,|197,321,266,428,|669,458,905,661,|
frame439|2|130,319,195,429,|197,322,266,428,|
frame440|2|198,320,265,428,|131,321,194,428,|
frame441|2|200,321,264,427,|133,320,193,428,|
frame442|1|199,327,262,424,|
frame443|1|202,322,263,426,|
frame444|2|674,451,903,659,|203,321,265,427,|
frame445|2|203,323,267,427,|688,442,898,636,|
frame446|2|676,456,899,659,|205,324,269,427,|
frame447|2|204,322,268,427,|670,454,900,659,|
frame448|1|204,324,271,427,|
frame449|1|204,324,273,427,|
frame450|1|202,327,267,426,|
frame451|0|
frame452|1|680,434,901,630,|
frame453|1|681,433,986,712,|
frame454|1|680,442,995,713,|
frame455|1|684,444,1018,714,|
frame456|1|684,447,1010,714,|
frame457|1|680,439,989,714,|
frame458|1|676,442,987,715,|
frame459|1|812,429,1068,714,|
frame460|1|820,429,1068,715,|
frame461|0|
frame462|0|
frame463|1|681,450,899,643,|
frame464|1|662,455,904,659,|
frame465|1|682,443,901,639,|
frame466|0|
frame467|0|
frame468|0|
frame469|0|
frame470|0|
frame471|0|
frame472|0|
frame473|0|
frame474|0|
frame475|0|
frame476|0|
frame477|0|
frame478|0|
frame479|0|
frame480|0|
frame481|2|659,450,906,660,|270,294,309,393,|
frame482|0|
frame483|1|818,422,1064,715,|
frame484|1|817,423,1064,715,|
frame485|1|815,424,1066,714,|
frame486|1|811,424,1067,713,|
frame487|2|811,426,1068,713,|263,339,316,418,|
frame488|1|682,441,990,716,|
frame489|1|682,448,1009,715,|
frame490|2|685,453,1018,716,|267,297,316,383,|
frame491|1|684,457,1015,717,|
frame492|3|664,463,900,659,|265,351,464,520,|264,296,317,384,|
frame493|4|688,446,1007,714,|264,352,461,520,|265,297,316,383,|704,406,794,503,|
frame494|3|686,439,896,629,|264,353,459,520,|706,412,795,503,|
frame495|1|699,433,902,632,|
frame496|1|773,435,922,640,|
frame497|1|768,453,919,661,|
frame498|0|
frame499|1|688,458,899,660,|
frame500|1|699,434,900,643,|
frame501|2|678,450,903,662,|817,429,1072,714,|
frame502|1|683,449,899,660,|
frame503|1|698,434,894,640,|
frame504|1|701,436,892,639,|
frame505|2|700,435,892,641,|300,345,494,515,|
frame506|2|697,434,893,642,|299,338,496,518,|
frame507|2|270,331,457,527,|691,434,894,641,|
frame508|3|268,335,458,528,|671,450,899,662,|819,427,1070,715,|
frame509|3|672,453,900,663,|269,336,458,521,|817,433,1071,716,|
frame510|2|299,343,493,519,|692,458,899,658,|
frame511|2|771,452,919,662,|299,343,493,516,|
frame512|2|777,435,922,641,|301,348,494,518,|
frame513|2|774,427,917,635,|302,348,492,521,|
frame514|2|689,444,1007,713,|302,347,493,520,|
frame515|1|300,345,495,526,|
frame516|2|271,340,463,522,|687,448,1010,714,|
frame517|2|305,339,491,518,|687,448,1018,715,|
frame518|1|684,442,1001,715,|
frame519|2|778,383,914,602,|816,431,1069,714,|
frame520|1|779,372,921,606,|
frame521|1|824,423,1066,714,|
frame522|0|
frame523|0|
frame524|1|680,448,901,644,|
frame525|1|681,451,902,642,|
frame526|0|
frame527|1|687,444,901,639,|
frame528|1|688,442,900,639,|
frame529|0|
frame530|0|
frame531|0|
frame532|0|
frame533|0|
frame534|0|
frame535|0|
frame536|0|
frame537|1|127,323,188,429,|
frame538|1|128,323,190,428,|
frame539|1|127,324,190,429,|
frame540|1|126,328,190,430,|
frame541|1|126,332,190,431,|
frame542|3|127,330,191,430,|312,347,500,525,|678,446,903,642,|
frame543|1|129,332,190,430,|
frame544|2|129,330,190,430,|673,447,902,642,|
frame545|1|130,328,192,430,|
frame546|1|129,326,192,430,|
frame547|1|129,325,193,430,|
frame548|2|129,328,192,430,|818,418,1066,714,|
frame549|2|813,421,1069,713,|130,328,192,430,|
frame550|2|807,420,1068,712,|129,329,191,429,|
frame551|2|683,434,990,715,|128,329,192,430,|
frame552|2|682,439,1002,715,|127,329,192,430,|
frame553|2|128,327,192,430,|683,450,1023,715,|
frame554|2|128,329,193,430,|683,450,1024,716,|
frame555|2|127,327,194,430,|680,452,1018,716,|
frame556|1|127,331,194,430,|
frame557|1|123,334,192,430,|
frame558|1|120,332,190,430,|
frame559|1|121,324,191,431,|
frame560|2|778,429,920,636,|122,321,192,431,|
frame561|2|123,323,191,431,|773,432,921,637,|
frame562|1|125,323,191,431,|
frame563|2|780,437,925,641,|128,322,193,431,|
frame564|2|761,449,919,659,|128,321,192,431,|
frame565|1|694,441,906,637,|
frame566|1|687,435,903,643,|
frame567|1|684,433,899,646,|
frame568|1|679,430,897,645,|
frame569|1|674,429,896,646,|
frame570|1|678,431,897,642,|
frame571|1|680,429,895,642,|
frame572|1|680,424,895,640,|
frame573|0|
frame574|2|315,334,495,518,|677,421,895,641,|
frame575|1|674,426,896,641,|
frame576|1|672,428,898,643,|
frame577|1|683,430,897,641,|
frame578|1|674,436,901,639,|
frame579|1|678,435,909,634,|
frame580|1|763,455,920,660,|
frame581|1|684,435,902,631,|
frame582|1|685,438,992,712,|
frame583|1|671,438,900,637,|
frame584|1|683,442,989,713,|
frame585|1|695,450,1043,707,|
frame586|0|
frame587|1|682,443,988,712,|
frame588|1|683,440,983,713,|
frame589|1|680,442,986,714,|
frame590|1|808,431,1069,712,|
frame591|1|817,427,1070,711,|
frame592|1|820,427,1068,712,|
frame593|1|822,426,1067,712,|
frame594|0|
frame595|0|
frame596|1|681,445,899,642,|
frame597|0|
frame598|0|
frame599|0|
frame600|0|
frame601|0|
frame602|0|
frame603|0|
frame604|0|
frame605|0|
frame606|0|
frame607|0|
frame608|0|
frame609|0|
frame610|0|
frame611|0|
frame612|0|
frame613|0|
frame614|1|371,335,453,425,|
frame615|0|
frame616|0|
frame617|0|
frame618|0|
frame619|0|
frame620|0|
frame621|0|
frame622|0|
frame623|0|
frame624|0|
frame625|0|
frame626|1|681,440,981,713,|
frame627|2|317,348,497,521,|681,445,994,713,|
frame628|2|318,348,496,520,|686,443,1011,713,|
frame629|2|687,441,1003,713,|317,349,495,519,|
frame630|2|688,439,1006,712,|314,347,496,521,|
frame631|2|694,439,1009,712,|319,345,497,520,|
frame632|2|689,439,1003,711,|318,345,502,526,|
frame633|2|679,426,903,632,|316,345,502,526,|
frame634|2|682,426,902,629,|317,346,502,521,|
frame635|2|684,436,903,631,|314,348,502,521,|
frame636|1|678,439,906,634,|
frame637|0|
frame638|0|
frame639|0|
frame640|0|
frame641|0|
frame642|0|
frame643|0|
frame644|0|
frame645|0|
frame646|1|676,439,903,635,|
frame647|1|678,439,903,634,|
frame648|1|684,447,1028,706,|
frame649|1|685,450,1036,707,|
frame650|1|687,432,1005,710,|
frame651|1|680,421,902,634,|
frame652|2|683,439,992,710,|322,343,505,518,|
frame653|2|692,432,992,710,|323,344,502,521,|
frame654|2|688,439,996,710,|320,346,501,526,|
frame655|2|687,440,1004,712,|319,349,501,531,|
frame656|2|684,441,998,712,|320,347,501,529,|
frame657|3|321,346,501,525,|681,439,983,712,|124,321,189,430,|
frame658|3|322,346,500,524,|125,324,189,430,|679,438,980,713,|
frame659|3|324,344,499,524,|125,326,190,431,|812,430,1071,712,|
frame660|2|319,345,501,529,|123,328,189,431,|
frame661|2|124,330,191,431,|319,344,501,527,|
frame662|2|125,331,190,431,|319,344,500,524,|
frame663|1|125,330,189,431,|
frame664|1|126,330,190,430,|
frame665|1|128,330,190,430,|
frame666|1|130,329,190,430,|
frame667|1|129,329,191,430,|
frame668|1|128,329,190,430,|
frame669|1|126,329,190,431,|
frame670|2|124,329,187,431,|373,335,458,422,|
frame671|2|126,331,187,431,|374,336,455,421,|
frame672|2|126,330,187,431,|375,336,456,421,|
frame673|2|125,330,189,431,|378,336,454,421,|
frame674|2|126,328,191,430,|378,335,456,421,|
frame675|2|127,326,193,431,|376,334,455,421,|
frame676|2|129,327,193,431,|371,334,456,421,|
frame677|1|127,327,193,431,|
frame678|1|127,333,191,431,|
frame679|1|126,331,190,432,|
frame680|2|123,325,190,431,|322,340,495,511,|
frame681|2|124,322,190,431,|322,340,495,516,|
frame682|2|124,320,190,431,|323,340,496,519,|
frame683|2|126,317,192,431,|319,343,497,522,|
frame684|2|320,343,498,522,|128,316,192,430,|
frame685|2|324,345,499,519,|129,316,191,430,|
frame686|2|326,345,498,518,|127,321,189,430,|
frame687|1|328,344,498,519,|
frame688|1|327,342,499,521,|
frame689|1|323,341,498,521,|
frame690|1|324,341,495,526,|
frame691|2|330,341,496,525,|674,444,903,642,|
frame692|4|328,337,495,519,|673,445,904,643,|822,435,1083,711,|147,295,199,407,|
frame693|2|821,437,1083,710,|674,445,904,644,|
frame694|2|677,444,903,644,|821,438,1085,710,|
frame695|2|821,437,1084,711,|676,443,904,644,|
frame696|1|820,435,1085,711,|
frame697|1|817,424,1082,711,|
frame698|1|820,430,1082,711,|
frame699|1|814,431,1082,710,|
frame700|1|809,433,1082,710,|
frame701|1|813,430,1080,710,|
frame702|1|816,429,1080,710,|
frame703|2|806,435,1079,710,|701,407,904,608,|
frame704|1|795,441,1079,710,|
frame705|1|806,442,1079,710,|
frame706|2|798,444,1080,709,|674,439,901,638,|
frame707|1|800,434,1079,710,|
frame708|1|795,433,1078,712,|
frame709|2|807,437,1078,713,|680,434,905,637,|
frame710|2|817,436,1078,712,|680,434,905,638,|
frame711|3|828,436,1079,713,|321,339,501,517,|689,437,902,636,|
frame712|3|318,342,502,522,|685,437,903,640,|831,434,1078,714,|
frame713|3|682,437,905,643,|823,436,1080,713,|313,350,504,522,|
frame714|2|681,440,906,644,|823,435,1079,712,|
frame715|3|321,348,498,517,|664,451,908,657,|820,436,1080,712,|
frame716|3|320,347,498,517,|819,433,1080,713,|663,449,908,658,|
frame717|3|815,430,1080,712,|321,348,498,518,|662,447,909,657,|
frame718|3|815,429,1082,712,|664,446,908,658,|317,346,500,517,|
frame719|3|814,431,1083,711,|674,436,909,644,|312,350,501,523,|
frame720|2|673,435,987,710,|315,345,501,526,|
frame721|2|669,436,990,710,|317,344,497,522,|
frame722|2|321,342,496,517,|661,435,981,709,|
frame723|2|671,429,895,644,|317,343,495,517,|
frame724|2|672,428,893,641,|319,339,497,515,|
frame725|1|652,443,862,633,|
frame726|1|652,445,859,634,|
frame727|1|651,451,857,634,|
frame728|1|652,449,861,636,|
frame729|2|674,450,895,665,|881,491,1064,712,|
frame730|2|667,452,895,664,|878,491,1065,712,|
frame731|2|667,451,897,665,|877,490,1066,713,|
frame732|2|869,481,1066,714,|662,452,895,664,|
frame733|3|869,476,1066,714,|662,442,894,665,|126,311,191,432,|
frame734|3|869,476,1066,714,|660,443,899,665,|123,314,189,431,|
frame735|3|668,451,900,662,|119,319,187,430,|881,490,1064,710,|
frame736|3|880,485,1063,711,|117,321,189,430,|675,456,901,660,|
frame737|3|117,327,188,430,|884,490,1065,711,|686,428,893,629,|
frame738|2|119,327,189,429,|674,448,1043,709,|
frame739|2|119,327,187,430,|671,447,1037,708,|
frame740|2|671,446,1041,706,|123,334,183,430,|
frame741|2|672,444,1040,708,|126,338,183,428,|
frame742|1|672,437,1004,711,|
frame743|2|670,434,1016,711,|127,342,181,426,|
frame744|2|662,444,1042,710,|123,339,182,427,|
frame745|2|662,446,1033,709,|126,340,180,425,|
frame746|3|664,445,1044,711,|125,340,179,426,|323,351,500,520,|
frame747|3|667,444,1052,711,|123,342,178,427,|327,348,500,517,|
frame748|3|671,434,1015,712,|122,344,177,426,|327,348,501,517,|
frame749|3|672,434,1012,711,|323,349,500,515,|121,344,176,425,|
frame750|3|669,434,1016,711,|331,349,501,517,|120,344,176,426,|
frame751|3|668,432,1002,712,|331,348,502,522,|115,341,177,428,|
frame752|3|668,431,992,711,|332,350,504,525,|117,344,175,428,|
frame753|3|668,429,974,710,|332,348,506,523,|114,344,175,428,|
frame754|3|671,427,972,708,|334,347,507,519,|120,344,177,427,|
frame755|3|670,428,960,709,|333,349,509,520,|112,345,177,429,|
frame756|3|668,430,962,709,|332,347,509,517,|107,344,178,431,|
frame757|3|670,425,957,708,|335,347,510,516,|80,336,151,424,|
frame758|3|665,426,948,710,|337,348,508,514,|80,334,152,425,|
frame759|3|663,433,950,711,|342,345,508,514,|82,337,148,424,|
frame760|2|661,437,951,711,|340,343,508,513,|
frame761|2|667,432,951,711,|336,343,510,515,|
frame762|2|667,427,946,711,|337,344,509,515,|
frame763|3|667,426,935,711,|334,348,507,517,|76,316,123,374,|
frame764|3|665,427,936,712,|334,346,507,519,|75,314,128,376,|
frame765|2|670,430,937,710,|336,342,507,515,|
frame766|2|668,448,903,671,|337,342,507,513,|
frame767|2|333,344,507,516,|663,450,904,666,|
frame768|3|674,427,895,648,|328,348,508,518,|78,307,126,376,|
frame769|3|667,432,940,710,|326,351,508,519,|78,302,126,378,|
frame770|3|327,352,507,512,|668,458,901,671,|77,299,126,381,|
frame771|3|668,458,901,668,|324,354,508,516,|76,297,133,385,|
frame772|3|671,453,899,670,|321,356,507,514,|78,299,131,382,|
frame773|3|669,452,900,673,|323,353,508,517,|82,301,131,377,|
frame774|3|666,427,936,711,|319,346,506,517,|83,300,132,378,|
frame775|2|666,426,938,712,|83,298,132,382,|
frame776|3|666,422,935,712,|335,319,496,479,|83,298,129,379,|
frame777|3|666,421,937,713,|81,298,128,381,|329,314,495,475,|
frame778|2|666,420,934,713,|334,310,495,470,|
frame779|2|665,420,934,713,|344,307,492,467,|
frame780|1|665,420,935,712,|
frame781|1|667,421,933,712,|
frame782|1|667,420,931,713,|
frame783|1|666,420,932,713,|
frame784|1|669,425,934,712,|
frame785|1|666,429,938,712,|
frame786|1|664,426,932,713,|
frame787|1|665,424,931,714,|
frame788|1|663,424,934,714,|
frame789|1|665,423,936,714,|
frame790|1|666,422,938,713,|
frame791|1|665,423,940,710,|
frame792|2|663,423,949,711,|389,269,448,405,|
frame793|2|664,423,993,713,|393,271,448,405,|
frame794|1|668,424,1011,714,|
frame795|1|663,436,1039,710,|
frame796|1|676,429,1051,709,|
frame797|1|672,447,1052,703,|
frame798|1|671,452,1048,703,|
frame799|1|677,451,1055,709,|
frame800|1|686,453,1059,712,|
frame801|1|793,434,1071,712,|
frame802|1|810,421,1068,711,|
frame803|2|804,416,1067,711,|66,263,161,439,|
frame804|2|794,410,1066,711,|65,263,159,438,|
frame805|2|809,411,1066,710,|64,263,158,436,|
frame806|2|815,424,1071,710,|62,265,158,433,|
frame807|2|814,423,1067,710,|62,265,157,433,|
frame808|3|810,418,1063,710,|63,264,158,434,|404,266,461,402,|
frame809|2|809,410,1060,710,|64,264,159,435,|
frame810|2|799,398,1056,709,|64,263,159,435,|
frame811|2|796,402,1056,709,|61,264,159,436,|
frame812|1|803,395,1054,711,|
frame813|1|805,391,1054,711,|
frame814|1|806,394,1051,712,|
frame815|1|812,396,1049,713,|
frame816|1|813,399,1049,715,|
frame817|1|815,394,1045,715,|
frame818|1|817,392,1047,716,|
frame819|2|812,395,1045,716,|62,260,161,446,|
frame820|2|817,394,1047,715,|62,258,161,446,|
frame821|2|815,395,1046,715,|61,255,159,449,|
frame822|2|818,397,1048,715,|60,254,157,450,|
frame823|2|59,253,155,449,|826,393,1047,715,|
frame824|2|56,255,155,448,|828,403,1052,714,|
frame825|2|828,407,1056,713,|56,258,156,447,|
frame826|2|830,405,1055,713,|54,260,157,448,|
frame827|2|832,404,1054,713,|54,259,155,448,|
frame828|3|851,397,1055,711,|52,271,154,467,|761,356,831,470,|
frame829|3|833,393,1049,714,|52,273,154,469,|760,356,831,470,|
frame830|3|832,392,1048,714,|50,272,152,470,|759,356,830,471,|
frame831|3|832,392,1049,714,|52,272,153,471,|761,356,831,470,|
frame832|3|832,395,1049,714,|47,276,154,471,|761,356,831,470,|
frame833|3|831,393,1046,715,|44,276,152,472,|759,356,831,470,|
frame834|3|832,392,1046,715,|43,275,149,471,|761,356,831,470,|
frame835|3|831,392,1045,715,|41,273,147,471,|761,355,831,470,|
frame836|2|829,394,1044,715,|40,272,146,473,|
frame837|4|830,397,1048,714,|41,270,146,471,|761,354,832,471,|205,296,251,379,|
frame838|3|831,398,1051,714,|43,271,145,468,|761,355,832,471,|
frame839|3|830,396,1052,714,|40,272,145,468,|761,355,832,471,|
frame840|3|828,396,1051,714,|39,271,146,470,|762,354,832,471,|
frame841|4|829,396,1050,714,|43,265,146,471,|762,354,832,471,|392,337,440,425,|
frame842|3|829,395,1049,715,|46,261,142,473,|761,354,832,471,|
frame843|3|829,392,1050,715,|47,262,138,475,|761,354,832,471,|
frame844|4|829,391,1047,716,|43,263,139,475,|761,354,832,472,|393,340,441,424,|
frame845|4|829,393,1048,715,|42,260,140,476,|761,354,832,472,|393,342,443,424,|
frame846|4|829,393,1044,716,|43,259,138,476,|394,343,444,424,|761,353,832,472,|
frame847|4|830,391,1043,716,|40,259,136,476,|394,343,443,425,|761,353,831,471,|
frame848|4|831,391,1044,716,|40,261,136,476,|395,340,446,425,|761,354,831,472,|
frame849|4|833,392,1044,716,|37,264,138,475,|396,338,447,425,|761,355,831,471,|
frame850|4|36,268,137,475,|833,393,1046,715,|397,342,446,424,|760,356,831,471,|
frame851|4|36,267,138,476,|833,393,1045,716,|397,341,445,423,|761,355,831,472,|
frame852|4|35,261,136,478,|832,393,1043,716,|397,342,446,424,|761,355,832,472,|
frame853|4|31,257,134,480,|833,393,1045,716,|760,355,831,472,|396,344,445,425,|
frame854|4|27,256,133,482,|832,397,1047,715,|759,356,832,472,|396,343,446,425,|
frame855|4|832,396,1046,715,|26,258,134,479,|758,355,832,472,|395,344,446,425,|
frame856|4|23,253,132,488,|834,396,1046,715,|759,355,832,472,|395,345,444,424,|
frame857|4|21,250,131,489,|833,396,1044,716,|759,354,832,472,|395,346,444,425,|
frame858|4|20,250,130,491,|833,398,1045,715,|758,355,831,472,|395,348,444,424,|
frame859|4|830,398,1045,715,|21,251,130,492,|395,348,444,423,|757,355,831,472,|
frame860|4|830,400,1046,715,|19,250,130,496,|395,350,442,422,|757,355,831,472,|
frame861|4|830,398,1046,715,|19,259,130,495,|396,349,441,422,|758,355,831,471,|
frame862|4|831,398,1045,715,|19,253,129,493,|397,349,443,422,|758,354,831,472,|
frame863|4|830,400,1047,714,|18,251,132,494,|398,349,444,422,|758,354,831,472,|
frame864|4|17,252,133,495,|830,397,1045,714,|398,347,442,421,|757,354,831,472,|
frame865|3|18,248,132,495,|830,400,1046,714,|397,348,444,421,|
frame866|4|830,398,1047,714,|18,247,133,497,|397,348,444,421,|756,354,832,472,|
frame867|3|830,399,1049,714,|17,240,134,487,|396,348,443,421,|
frame868|5|17,239,134,486,|830,401,1050,714,|397,349,442,420,|202,293,254,381,|754,355,831,472,|
frame869|3|16,238,133,484,|830,400,1049,714,|397,348,442,421,|
frame870|3|17,236,133,486,|831,397,1048,714,|397,347,443,421,|
frame871|4|16,235,133,492,|832,397,1046,715,|397,345,444,421,|203,295,250,383,|
frame872|4|16,236,133,504,|831,397,1046,714,|396,345,444,421,|202,294,250,381,|
frame873|5|18,235,134,516,|832,398,1046,714,|395,345,444,422,|201,292,248,381,|755,354,830,471,|
frame874|5|18,236,133,508,|832,399,1046,714,|395,347,445,423,|754,355,830,471,|205,294,246,377,|
frame875|5|17,236,135,518,|832,401,1049,714,|394,346,445,423,|754,355,830,471,|203,294,243,376,|
frame876|5|18,236,135,519,|832,400,1048,714,|395,346,445,421,|202,294,244,378,|754,356,830,471,|
frame877|5|832,400,1047,714,|17,236,136,526,|394,347,444,421,|753,356,830,471,|203,297,244,376,|
frame878|4|832,398,1045,715,|18,237,136,526,|394,347,443,421,|753,355,830,471,|
frame879|4|16,236,136,529,|832,395,1044,715,|394,347,443,421,|754,355,830,471,|
frame880|4|16,234,135,530,|832,392,1043,715,|393,348,442,421,|755,355,830,471,|
frame881|4|16,234,133,526,|833,392,1045,715,|393,347,444,422,|756,355,831,471,|
frame882|4|834,394,1046,715,|16,232,133,525,|756,356,830,472,|392,346,446,423,|
frame883|4|834,392,1045,715,|14,231,135,529,|754,356,831,472,|392,345,446,424,|
frame884|4|834,394,1047,715,|14,228,134,527,|755,356,831,472,|392,345,445,424,|
frame885|4|847,392,1049,712,|13,223,135,528,|755,355,831,473,|392,345,444,423,|
frame886|3|835,388,1048,716,|11,232,135,522,|754,355,832,473,|
frame887|3|835,391,1048,715,|11,230,134,527,|754,355,832,473,|
frame888|3|836,394,1049,715,|11,228,134,532,|754,356,831,473,|
frame889|3|836,392,1048,715,|11,232,134,530,|754,355,831,473,|
frame890|3|837,393,1048,715,|9,231,131,530,|755,355,831,473,|
frame891|4|836,392,1047,715,|6,234,136,538,|756,354,831,473,|392,347,441,422,|
frame892|4|835,391,1047,716,|5,233,136,534,|755,353,831,473,|393,348,442,422,|
frame893|4|835,395,1049,714,|3,229,135,535,|394,347,444,422,|752,355,831,473,|
frame894|4|835,391,1048,715,|393,346,444,422,|2,225,133,531,|752,355,831,473,|
frame895|4|834,392,1046,715,|5,220,121,539,|393,347,443,422,|753,355,831,473,|
frame896|5|833,393,1050,714,|3,218,116,542,|394,347,442,421,|752,355,831,473,|202,292,254,379,|
frame897|6|834,393,1049,715,|4,216,115,543,|393,343,443,423,|752,355,831,473,|427,250,516,450,|204,292,253,379,|
frame898|5|835,394,1048,715,|4,215,113,542,|752,355,831,473,|393,343,442,422,|425,252,516,452,|
frame899|5|835,394,1048,715,|3,214,109,548,|752,356,831,473,|393,344,441,423,|423,252,513,449,|
frame900|4|833,396,1050,714,|1,217,105,542,|752,358,831,472,|204,293,253,377,|
frame901|4|832,395,1050,714,|2,216,108,542,|753,357,831,472,|204,293,253,378,|
frame902|4|832,394,1049,714,|2,216,112,542,|753,357,831,472,|204,293,253,378,|
frame903|5|832,395,1048,714,|2,216,110,539,|753,357,831,472,|204,293,253,377,|393,346,438,423,|
frame904|4|832,396,1048,714,|1,215,106,537,|753,357,831,472,|204,293,253,377,|
frame905|4|832,396,1049,714,|753,357,831,472,|1,215,104,539,|204,293,253,377,|
frame906|2|831,393,1048,714,|755,355,831,472,|
frame907|2|832,394,1050,714,|755,356,831,472,|
frame908|3|833,394,1049,714,|754,357,831,472,|0,215,110,542,|
frame909|2|834,396,1050,714,|755,357,831,472,|
frame910|3|833,394,1047,714,|755,357,831,472,|1,213,107,546,|
frame911|3|833,392,1048,714,|756,356,831,472,|1,213,109,547,|
frame912|3|833,393,1047,714,|755,356,831,472,|0,212,106,548,|
frame913|3|834,395,1046,714,|0,214,102,536,|754,357,831,472,|
frame914|3|834,396,1047,714,|1,213,101,535,|753,358,831,472,|
frame915|3|830,398,1048,713,|753,356,831,472,|0,212,98,532,|
frame916|3|830,397,1049,714,|754,356,831,472,|0,212,92,540,|
frame917|3|830,398,1049,714,|755,355,831,472,|0,212,84,544,|
frame918|3|832,398,1047,714,|0,213,81,539,|755,355,831,472,|
frame919|3|831,397,1048,714,|754,357,831,471,|0,225,79,535,|
frame920|1|832,398,1048,715,|
frame921|1|832,399,1049,714,|
frame922|2|832,400,1050,714,|754,356,831,472,|
frame923|1|833,400,1050,714,|
frame924|1|833,398,1048,714,|
frame925|1|832,401,1049,714,|
frame926|1|832,402,1051,713,|
frame927|1|830,403,1051,713,|
frame928|1|830,403,1052,713,|
frame929|1|831,403,1052,713,|
frame930|1|832,404,1052,713,|
frame931|1|833,404,1052,713,|
frame932|1|833,403,1052,713,|
frame933|1|832,403,1050,713,|
frame934|1|833,403,1051,713,|
frame935|1|835,403,1052,713,|
frame936|3|832,404,1053,713,|959,323,1010,456,|751,358,829,472,|
frame937|2|833,404,1053,713,|750,358,829,471,|
frame938|2|834,403,1053,713,|750,358,829,471,|
frame939|1|832,403,1052,713,|
frame940|1|833,403,1053,713,|
frame941|2|832,404,1053,713,|751,358,829,471,|
frame942|3|832,405,1053,713,|957,322,1012,456,|752,358,829,471,|
frame943|3|832,404,1052,713,|750,358,829,471,|959,322,1011,456,|
frame944|3|834,404,1052,713,|959,322,1011,456,|750,359,829,471,|
frame945|1|832,406,1054,713,|
frame946|2|832,407,1054,712,|750,357,829,471,|
frame947|2|831,406,1053,713,|751,357,829,471,|
frame948|2|832,407,1054,713,|750,356,829,471,|
frame949|1|832,406,1053,713,|
frame950|1|834,405,1053,713,|
frame951|2|832,406,1053,713,|750,357,829,471,|
frame952|2|833,406,1053,713,|958,322,1014,456,|
frame953|1|828,408,1011,680,|
frame954|2|831,408,1054,713,|959,322,1013,456,|
frame955|2|831,408,1055,713,|958,322,1013,456,|
frame956|2|831,409,1055,713,|957,321,1014,457,|
frame957|3|830,409,1055,713,|750,356,830,472,|87,301,113,366,|
frame958|4|831,409,1055,713,|87,300,114,367,|957,322,1015,457,|750,357,830,472,|
frame959|2|827,408,1011,679,|87,301,114,367,|
frame960|2|832,406,1054,713,|87,300,114,367,|
frame961|3|833,406,1054,713,|87,300,115,367,|958,322,1014,457,|
frame962|4|831,406,1053,713,|87,300,115,368,|958,322,1013,457,|751,357,830,472,|
frame963|3|831,406,1053,713,|88,301,115,368,|959,322,1014,457,|
frame964|5|832,406,1053,713,|87,300,115,368,|508,341,562,425,|959,323,1014,457,|207,294,254,376,|
frame965|3|832,406,1054,713,|87,301,115,367,|958,323,1015,457,|
frame966|3|831,406,1053,713,|87,300,115,367,|207,294,254,375,|
frame967|3|832,405,1053,713,|87,300,115,368,|748,359,829,471,|
frame968|3|833,405,1052,713,|87,300,115,368,|748,359,829,471,|
frame969|4|829,406,1014,679,|87,301,115,368,|958,321,1014,458,|507,342,561,425,|
frame970|4|828,406,1014,679,|87,301,115,368,|958,321,1014,457,|509,343,561,425,|
frame971|3|828,405,1014,678,|88,302,114,367,|958,321,1014,457,|
frame972|3|834,406,1054,713,|87,302,114,367,|958,321,1013,456,|
frame973|4|834,407,1054,713,|87,302,114,367,|958,321,1014,457,|750,359,829,472,|
frame974|4|828,407,1013,677,|88,303,114,367,|958,321,1014,456,|750,359,830,472,|
frame975|4|829,403,1012,680,|88,304,114,368,|751,359,830,472,|959,321,1015,457,|
frame976|4|828,403,1013,680,|88,304,115,368,|751,358,830,473,|959,321,1014,457,|
frame977|3|827,404,1013,680,|89,306,115,367,|750,358,830,473,|
frame978|3|828,404,1012,679,|90,310,115,366,|751,358,830,473,|
frame979|4|828,405,1011,678,|91,312,115,366,|509,341,560,426,|750,359,830,472,|
frame980|4|828,404,1012,680,|91,312,114,366,|508,341,560,426,|751,358,830,472,|
frame981|4|834,407,1056,713,|92,314,115,365,|751,358,830,472,|509,344,559,425,|
frame982|4|833,407,1055,712,|90,315,114,366,|752,358,830,472,|510,345,560,423,|
frame983|4|833,408,1056,712,|88,311,113,367,|750,358,830,472,|509,344,560,424,|
frame984|5|831,409,1055,712,|86,309,112,367,|958,321,1015,457,|509,345,560,424,|751,358,830,472,|
frame985|5|831,409,1056,712,|86,310,111,366,|749,358,830,472,|509,346,559,422,|958,321,1015,457,|
frame986|3|831,408,1055,712,|86,307,112,366,|750,357,830,473,|
frame987|3|831,408,1054,712,|87,307,112,366,|751,357,830,473,|
frame988|3|831,408,1055,712,|87,307,111,365,|750,357,830,472,|
frame989|2|832,408,1054,712,|87,307,110,363,|
frame990|3|833,410,1054,713,|86,310,108,363,|750,358,829,472,|
frame991|4|831,410,1054,712,|85,312,108,364,|750,358,829,472,|510,348,558,419,|
frame992|3|832,410,1054,713,|750,359,829,472,|86,315,107,364,|
frame993|2|827,408,1011,678,|750,359,829,472,|
frame994|4|827,407,1011,678,|750,359,829,472,|509,347,559,420,|456,348,504,412,|
frame995|4|832,408,1052,713,|508,346,559,422,|751,359,829,472,|456,347,504,413,|
frame996|2|832,408,1050,713,|508,345,559,422,|
frame997|2|828,405,1012,678,|508,346,559,422,|
frame998|2|832,408,1051,713,|508,346,559,422,|
frame999|2|833,409,1053,713,|751,359,829,471,|
