frame0|6|394,314,439,423,|461,318,503,435,|318,321,348,372,|541,342,574,406,|291,305,327,387,|584,348,614,411,|
frame1|7|395,314,440,424,|462,316,504,436,|317,322,346,372,|541,341,575,408,|289,306,324,386,|586,347,617,414,|196,327,256,506,|
frame2|6|397,313,440,424,|462,317,504,436,|317,320,347,372,|541,341,574,407,|287,305,323,387,|198,323,257,507,|
frame3|6|397,312,441,424,|462,316,504,436,|315,320,345,372,|541,341,574,408,|287,304,325,387,|198,323,257,507,|
frame4|6|397,312,441,425,|463,316,505,436,|541,341,574,408,|315,321,346,372,|287,302,325,388,|199,322,258,505,|
frame5|6|396,311,441,425,|463,316,506,436,|541,341,575,408,|285,296,327,391,|318,320,349,374,|201,320,258,505,|
frame6|6|397,310,442,425,|463,315,506,436,|282,295,323,390,|541,341,575,408,|317,319,351,373,|201,319,259,503,|
frame7|6|397,309,442,425,|463,314,506,436,|283,295,325,390,|201,318,263,502,|541,341,575,406,|315,317,349,373,|
frame8|6|398,309,443,425,|199,317,263,501,|463,315,506,436,|283,294,324,390,|541,341,575,407,|312,316,346,374,|
frame9|5|399,311,443,426,|463,315,505,436,|200,317,262,502,|284,298,323,389,|542,341,575,408,|
frame10|5|200,315,261,502,|399,310,443,426,|462,315,505,436,|283,302,322,388,|542,341,576,408,|
frame11|6|197,314,260,502,|399,311,443,426,|462,315,505,436,|283,301,320,388,|306,318,338,376,|541,341,575,408,|
frame12|5|196,313,260,505,|398,311,443,426,|462,315,505,436,|283,301,321,388,|541,341,575,408,|
frame13|5|397,311,442,426,|194,313,259,504,|461,315,505,435,|283,302,321,388,|542,341,576,407,|
frame14|5|397,310,444,426,|283,302,322,387,|461,315,505,435,|193,313,258,504,|542,341,576,406,|
frame15|5|397,311,443,426,|283,302,322,387,|460,316,504,435,|542,342,576,405,|194,314,256,505,|
frame16|6|398,310,442,426,|283,302,323,388,|543,341,577,406,|460,317,503,434,|193,315,255,506,|583,348,613,413,|
frame17|6|398,310,442,425,|283,300,324,389,|544,341,577,406,|459,317,502,435,|192,316,255,506,|583,348,613,413,|
frame18|5|397,310,442,425,|283,298,324,390,|543,341,577,406,|460,317,503,434,|190,316,257,506,|
frame19|5|398,310,442,425,|283,300,324,389,|544,342,577,405,|460,317,503,434,|190,315,257,506,|
frame20|5|398,311,442,425,|283,303,324,388,|544,343,577,403,|189,315,257,505,|458,317,501,434,|
frame21|5|398,310,442,426,|284,301,325,388,|544,342,577,404,|191,315,256,506,|457,317,500,434,|
frame22|5|398,309,442,426,|284,301,325,389,|544,343,577,402,|456,317,498,434,|191,314,255,505,|
frame23|4|399,309,442,426,|284,300,324,390,|544,342,577,404,|456,317,498,435,|
frame24|5|399,311,442,426,|284,299,324,390,|544,342,577,403,|458,317,500,435,|855,323,892,373,|
frame25|5|400,312,441,426,|284,301,324,390,|544,342,577,403,|458,317,499,434,|855,323,891,373,|
frame26|5|399,312,440,426,|284,301,325,389,|544,342,577,403,|457,318,499,434,|855,323,892,373,|
frame27|4|399,316,439,425,|284,303,324,389,|544,343,577,403,|458,318,499,434,|
frame28|4|399,316,440,425,|284,304,324,388,|544,344,576,402,|457,319,497,434,|
frame29|4|400,315,440,425,|284,305,325,388,|544,343,576,403,|458,318,498,433,|
frame30|4|400,314,441,425,|284,306,325,388,|544,342,577,404,|457,317,498,434,|
frame31|4|401,315,442,425,|456,317,498,435,|284,306,325,389,|543,341,576,406,|
frame32|4|401,317,442,425,|456,317,498,435,|284,306,325,388,|543,341,576,406,|
frame33|4|401,317,442,425,|458,318,500,435,|284,306,325,388,|543,342,575,405,|
frame34|4|401,317,443,425,|457,318,500,435,|284,306,324,388,|543,341,576,405,|
frame35|4|401,320,441,425,|457,320,499,434,|284,306,324,388,|543,342,576,404,|
frame36|4|401,316,442,425,|457,319,500,435,|284,306,323,388,|543,342,576,403,|
frame37|5|401,314,442,425,|459,318,502,434,|543,341,576,405,|283,304,323,389,|650,344,688,423,|
frame38|5|402,314,442,425,|458,318,500,434,|543,341,576,404,|284,303,323,389,|650,343,688,424,|
frame39|5|461,319,503,434,|543,342,576,404,|285,303,324,389,|650,343,687,425,|404,318,443,425,|
frame40|5|543,342,576,403,|462,318,503,434,|285,302,325,389,|650,344,687,425,|405,315,442,425,|
frame41|7|403,317,441,424,|285,304,324,388,|460,318,500,433,|543,343,575,403,|651,344,688,424,|313,317,345,376,|189,315,253,506,|
frame42|8|286,305,324,389,|543,342,576,403,|461,320,501,433,|651,343,688,425,|188,313,252,504,|311,316,343,376,|404,319,441,424,|580,349,609,412,|
frame43|8|460,318,501,434,|285,306,323,389,|543,341,576,404,|402,320,441,424,|650,343,688,425,|311,317,342,376,|187,314,251,503,|579,348,608,413,|
frame44|7|401,318,442,423,|458,317,500,434,|285,307,324,388,|543,342,576,404,|311,318,342,376,|187,314,250,503,|578,348,608,412,|
frame45|7|402,316,442,423,|457,317,499,434,|285,307,323,388,|543,342,576,403,|310,318,341,375,|187,314,250,504,|579,348,609,413,|
frame46|6|402,315,445,424,|460,316,502,434,|285,307,325,387,|185,313,249,504,|542,343,575,404,|648,343,688,427,|
frame47|6|403,317,446,424,|460,317,502,434,|542,343,575,404,|648,343,688,427,|285,307,326,387,|180,314,247,501,|
frame48|6|403,316,446,425,|460,316,502,434,|542,343,575,404,|648,343,688,427,|286,304,327,388,|177,313,245,499,|
frame49|6|404,316,446,424,|459,316,501,435,|542,343,574,403,|285,302,326,389,|177,315,244,500,|312,314,344,377,|
frame50|5|403,316,446,424,|459,316,501,435,|542,343,574,404,|286,302,326,389,|179,319,246,503,|
frame51|5|403,316,445,424,|459,317,501,435,|542,343,574,404,|179,323,247,504,|286,300,328,389,|
frame52|7|404,317,446,425,|459,317,501,435,|542,344,574,403,|286,297,327,390,|650,343,689,427,|177,324,243,503,|313,314,345,376,|
frame53|6|404,317,446,425,|459,317,502,435,|542,344,574,403,|650,343,689,426,|290,296,331,390,|191,344,252,488,|
frame54|6|403,318,446,424,|460,317,502,435,|191,342,249,484,|542,344,574,403,|650,343,689,426,|289,300,330,388,|
frame55|6|403,318,448,425,|459,317,502,436,|180,343,248,485,|542,343,574,403,|650,343,689,425,|290,300,332,386,|
frame56|7|403,317,448,424,|181,345,245,483,|459,316,502,436,|542,344,574,403,|649,343,689,427,|289,301,330,387,|315,315,347,373,|
frame57|6|402,317,447,425,|459,316,502,436,|186,347,245,485,|288,304,328,387,|541,344,574,404,|649,343,689,427,|
frame58|6|402,316,447,425,|458,316,501,436,|180,351,242,485,|288,304,328,386,|541,344,574,403,|649,343,689,427,|
frame59|6|402,316,447,425,|459,317,501,436,|183,349,242,485,|541,343,574,405,|289,305,329,386,|649,343,689,427,|
frame60|5|401,316,446,425,|459,317,501,436,|184,351,242,492,|289,306,330,386,|541,344,574,403,|
frame61|6|402,318,447,425,|458,318,500,436,|188,354,244,493,|289,305,330,386,|542,343,574,404,|649,344,688,425,|
frame62|6|402,319,446,424,|458,319,500,435,|289,306,328,386,|192,368,245,497,|542,343,574,403,|649,344,689,425,|
frame63|7|401,318,446,424,|458,319,501,435,|188,357,242,497,|290,307,329,385,|542,343,574,403,|649,343,689,426,|581,349,610,411,|
frame64|7|402,318,447,425,|458,320,501,435,|289,306,329,386,|542,344,574,403,|649,344,688,426,|189,370,243,497,|580,349,610,412,|
frame65|6|402,319,446,425,|458,320,500,435,|185,356,237,500,|290,306,329,386,|542,343,574,404,|649,344,688,426,|
frame66|7|458,319,501,435,|402,318,447,424,|187,373,243,498,|290,306,328,384,|541,343,574,405,|649,344,689,426,|580,348,610,413,|
frame67|7|457,319,500,435,|402,318,447,424,|289,308,329,385,|186,372,245,498,|542,343,574,405,|649,344,689,426,|580,348,611,413,|
frame68|6|457,319,501,435,|402,316,447,424,|188,371,246,498,|289,307,329,386,|542,343,574,404,|580,348,611,413,|
frame69|6|456,319,501,435,|402,317,448,424,|187,369,246,498,|290,306,329,387,|542,344,574,404,|579,349,610,412,|
frame70|8|456,319,501,435,|401,317,448,425,|186,365,247,499,|290,306,330,388,|542,344,575,404,|649,343,689,426,|315,319,347,373,|579,349,609,413,|
frame71|7|186,365,248,500,|454,319,500,435,|401,317,448,425,|290,306,330,389,|542,344,575,403,|649,343,689,426,|579,348,610,413,|
frame72|8|185,365,249,501,|454,319,499,435,|401,318,447,425,|290,306,330,390,|543,344,575,404,|649,343,689,426,|315,319,346,374,|579,348,609,412,|
frame73|6|185,367,248,501,|400,317,446,425,|454,319,499,435,|290,306,330,390,|543,344,575,402,|649,343,689,426,|
frame74|7|185,368,247,500,|399,318,446,426,|454,319,499,436,|290,305,331,390,|543,343,575,403,|649,343,689,426,|580,349,610,412,|
frame75|7|184,368,246,500,|401,320,446,425,|453,319,498,435,|291,305,331,390,|543,343,575,404,|649,343,689,426,|578,349,609,412,|
frame76|7|184,369,245,500,|453,318,499,435,|401,320,446,426,|291,305,331,389,|544,344,576,402,|649,343,690,426,|580,349,611,412,|
frame77|8|453,319,498,435,|185,367,247,499,|401,319,446,425,|291,306,331,388,|543,344,575,402,|649,343,690,427,|316,320,346,373,|581,349,611,412,|
frame78|8|453,318,498,434,|185,369,247,499,|401,319,445,425,|291,307,329,389,|543,344,575,402,|649,343,690,426,|316,321,346,373,|580,349,611,412,|
frame79|8|453,317,498,435,|401,318,445,425,|186,368,245,499,|291,307,329,386,|543,344,575,402,|649,343,690,427,|315,321,345,373,|581,349,612,412,|
frame80|8|453,318,498,435,|401,319,444,425,|290,305,329,386,|543,344,575,403,|187,367,242,499,|648,343,689,427,|317,321,347,373,|581,348,612,413,|
frame81|8|454,318,498,435,|400,320,443,425,|290,306,329,386,|184,356,235,498,|543,344,575,403,|648,343,689,427,|318,320,347,373,|581,348,612,413,|
frame82|8|454,317,499,434,|399,321,444,424,|182,356,238,499,|290,307,329,385,|543,343,575,404,|647,343,689,427,|318,321,348,373,|581,349,611,412,|
frame83|7|453,317,499,434,|398,320,444,424,|184,357,239,494,|290,307,328,384,|542,343,575,404,|319,321,349,373,|580,348,611,413,|
frame84|8|453,317,498,434,|399,321,443,424,|177,356,239,493,|290,307,326,384,|318,321,348,373,|647,343,689,428,|543,343,575,404,|580,349,611,413,|
frame85|8|454,317,498,433,|399,320,443,425,|177,354,236,492,|290,306,329,385,|648,343,689,427,|542,343,575,404,|317,321,347,374,|581,349,612,412,|
frame86|7|454,317,498,433,|399,319,443,425,|176,355,236,485,|542,344,575,404,|318,321,348,374,|290,306,328,384,|582,349,612,412,|
frame87|7|454,317,498,433,|399,320,442,424,|175,352,235,483,|542,343,575,404,|317,321,346,374,|293,307,328,383,|582,348,612,412,|
frame88|7|455,317,499,433,|399,320,443,424,|173,349,237,482,|542,343,574,403,|316,321,347,374,|290,308,325,383,|582,349,612,412,|
frame89|7|454,317,498,434,|399,319,443,425,|314,320,344,374,|542,343,574,403,|289,308,325,384,|172,335,236,499,|581,348,612,412,|
frame90|7|455,317,499,433,|398,318,443,424,|314,319,346,374,|542,343,575,403,|287,308,327,384,|171,333,236,497,|580,349,610,411,|
frame91|7|454,317,498,434,|398,318,442,425,|312,320,344,375,|287,308,325,383,|542,343,574,402,|168,342,237,480,|581,349,611,409,|
frame92|6|454,316,498,434,|398,318,442,425,|311,319,343,375,|287,308,324,383,|542,344,574,401,|168,329,232,492,|
frame93|5|454,317,497,434,|399,319,442,425,|310,318,343,376,|542,344,574,401,|168,327,231,490,|
frame94|6|454,316,497,434,|399,319,442,425,|311,318,343,375,|542,343,575,402,|286,308,324,384,|173,330,233,450,|
frame95|5|455,317,497,434,|399,319,442,425,|310,318,342,374,|286,307,324,384,|542,343,574,402,|
frame96|5|455,317,498,433,|399,318,442,425,|310,319,341,375,|542,344,574,401,|168,325,231,491,|
frame97|5|455,317,498,433,|398,317,442,425,|309,317,342,375,|542,344,574,401,|167,321,230,490,|
frame98|5|454,317,497,433,|398,317,441,425,|307,317,341,376,|543,344,575,401,|167,319,228,491,|
frame99|5|455,318,497,433,|397,319,441,424,|307,318,340,376,|543,344,575,401,|170,317,233,450,|
frame100|4|454,321,496,433,|398,323,440,423,|285,306,324,386,|543,344,575,401,|
frame101|4|454,322,496,432,|397,325,440,422,|285,306,324,387,|543,344,575,401,|
frame102|4|454,321,496,433,|398,325,440,421,|285,305,323,387,|543,344,575,401,|
frame103|5|453,321,495,433,|285,305,324,387,|398,325,439,421,|543,344,575,401,|169,318,235,492,|
frame104|4|453,322,495,433,|286,305,325,387,|399,326,438,421,|543,345,575,400,|
frame105|4|453,323,495,433,|286,305,326,387,|399,329,437,420,|543,345,575,401,|
frame106|4|400,330,437,421,|286,303,327,389,|452,325,492,432,|544,343,575,402,|
frame107|4|399,327,438,421,|453,323,494,432,|286,304,327,389,|543,343,575,402,|
frame108|4|399,327,438,421,|453,323,494,433,|286,304,327,389,|544,343,575,402,|
frame109|4|398,324,439,422,|286,304,326,387,|453,321,494,433,|544,343,575,403,|
frame110|4|399,323,439,422,|286,304,326,387,|453,321,494,433,|544,343,575,402,|
frame111|4|399,323,439,422,|453,320,494,433,|306,317,338,377,|544,343,575,401,|
frame112|4|399,323,439,423,|453,320,495,433,|307,317,338,376,|543,343,575,401,|
frame113|4|399,324,439,423,|453,321,494,433,|307,317,339,377,|544,343,575,401,|
frame114|4|399,323,439,423,|454,320,495,433,|307,317,338,376,|543,343,575,402,|
frame115|5|400,322,439,424,|454,319,495,434,|284,305,320,385,|308,316,338,377,|543,343,575,401,|
frame116|4|399,323,438,424,|308,316,339,377,|453,320,493,433,|544,343,575,401,|
frame117|4|399,324,438,424,|308,316,339,377,|452,320,493,433,|544,343,575,401,|
frame118|4|400,325,437,423,|308,317,339,377,|453,321,493,433,|544,343,575,401,|
frame119|4|400,325,437,423,|308,317,338,377,|451,322,491,432,|544,343,575,401,|
frame120|4|401,325,437,422,|308,317,339,377,|451,322,490,432,|544,344,575,401,|
frame121|4|401,325,437,422,|308,317,338,377,|544,345,575,400,|448,326,486,432,|
frame122|4|401,324,438,422,|308,317,339,377,|544,345,575,399,|448,325,486,432,|
frame123|4|402,323,439,422,|309,317,340,377,|544,345,575,399,|448,325,486,432,|
frame124|4|401,324,438,422,|309,316,341,376,|545,345,576,399,|447,326,485,431,|
frame125|5|401,325,437,422,|755,370,895,542,|309,316,341,376,|544,345,575,400,|447,326,484,431,|
frame126|5|400,324,437,422,|756,371,894,543,|309,316,342,376,|544,344,575,400,|447,325,484,431,|
frame127|5|759,369,894,542,|400,324,437,422,|310,316,342,376,|544,345,575,400,|445,325,482,431,|
frame128|5|761,369,893,542,|400,323,437,423,|309,316,342,376,|545,345,576,400,|447,325,484,431,|
frame129|5|764,369,893,543,|399,323,437,423,|285,305,327,388,|545,345,575,400,|448,325,486,431,|
frame130|6|764,369,893,542,|399,321,438,423,|285,305,327,388,|545,344,576,400,|449,325,487,431,|973,396,1011,503,|
frame131|6|399,320,439,424,|763,370,894,544,|286,305,327,388,|545,345,576,399,|450,324,487,431,|973,396,1010,502,|
frame132|6|399,319,439,424,|310,315,344,377,|761,370,893,544,|545,345,576,400,|450,324,488,431,|973,396,1011,503,|
frame133|5|399,317,440,424,|763,369,892,544,|310,314,344,378,|545,345,576,399,|450,323,489,432,|
frame134|5|399,316,441,424,|761,370,891,542,|311,314,345,378,|545,345,576,399,|450,323,489,432,|
frame135|5|399,316,440,423,|761,369,890,542,|311,315,345,378,|545,345,576,398,|449,323,488,432,|
frame136|5|399,316,441,423,|763,370,892,544,|311,315,345,378,|452,319,492,433,|544,345,576,399,|
frame137|5|400,316,441,424,|764,370,892,544,|310,316,344,378,|450,319,490,433,|544,345,576,399,|
frame138|5|764,370,892,543,|400,316,441,424,|310,316,344,378,|451,319,491,433,|544,345,576,399,|
frame139|5|763,370,893,544,|401,317,441,424,|309,317,342,378,|450,321,490,433,|544,345,576,399,|
frame140|5|764,370,894,544,|401,317,441,424,|309,317,342,378,|450,321,490,433,|544,345,576,399,|
frame141|5|763,370,894,544,|401,317,442,423,|308,316,341,379,|451,321,491,432,|544,345,576,400,|
frame142|6|763,371,895,544,|401,316,442,424,|308,316,340,379,|451,321,491,432,|544,345,575,400,|172,317,234,442,|
frame143|6|763,371,895,545,|401,316,443,424,|308,317,340,379,|450,320,491,433,|543,345,575,400,|173,318,233,438,|
frame144|6|762,371,897,545,|401,315,443,424,|307,317,340,379,|450,320,491,433,|172,317,234,446,|544,345,576,400,|
frame145|7|401,315,442,424,|759,371,898,544,|307,316,340,380,|450,321,490,432,|650,342,690,426,|172,316,236,447,|544,345,576,399,|
frame146|6|401,316,442,424,|285,307,325,387,|760,371,896,545,|450,321,490,432,|544,345,576,399,|171,317,234,447,|
frame147|7|400,317,442,424,|760,372,895,545,|285,306,324,387,|449,322,489,432,|650,343,689,426,|173,322,234,447,|544,345,576,399,|
frame148|7|400,319,441,424,|286,304,327,388,|759,370,894,544,|650,343,690,427,|448,323,487,432,|175,326,233,446,|544,345,576,399,|
frame149|8|400,319,441,425,|760,369,894,544,|286,302,327,389,|650,343,690,427,|447,323,487,433,|175,326,233,447,|544,345,576,399,|585,349,617,413,|
frame150|7|400,321,440,424,|760,369,894,544,|287,305,326,388,|650,343,690,427,|447,324,485,432,|544,345,576,398,|177,329,233,442,|
frame151|6|401,320,441,424,|762,369,896,543,|287,306,326,387,|174,329,233,451,|544,345,576,398,|446,323,484,432,|
frame152|6|401,320,441,423,|761,369,895,544,|287,306,325,386,|169,340,234,470,|544,345,576,399,|447,322,485,433,|
frame153|6|401,322,441,423,|760,370,895,544,|286,304,325,386,|169,345,233,469,|544,345,576,399,|448,323,487,433,|
frame154|7|168,345,234,470,|401,320,441,424,|759,370,895,544,|287,304,324,387,|310,320,341,376,|449,322,489,432,|544,345,576,399,|
frame155|8|171,347,236,473,|400,319,441,424,|759,371,895,544,|287,304,324,387,|313,320,343,377,|448,322,487,432,|544,345,575,399,|649,343,689,425,|
frame156|8|401,319,441,423,|172,350,234,476,|758,371,895,544,|288,304,326,384,|544,345,576,400,|448,321,487,433,|649,343,689,425,|315,320,345,376,|
frame157|7|402,318,442,423,|175,354,236,479,|289,303,327,386,|759,370,895,544,|448,321,487,433,|544,345,576,401,|650,344,689,425,|
frame158|7|403,317,443,423,|176,353,235,479,|758,368,894,544,|289,303,328,385,|448,320,488,433,|544,345,575,401,|650,344,689,425,|
frame159|7|403,315,443,424,|178,358,236,481,|290,302,329,387,|757,367,894,544,|449,318,489,433,|544,344,576,402,|650,344,689,425,|
frame160|8|402,314,443,424,|177,358,236,480,|758,366,893,543,|289,302,328,387,|450,318,490,432,|543,345,575,401,|650,343,690,425,|314,320,345,378,|
frame161|8|402,314,443,424,|178,359,234,481,|289,303,327,387,|758,366,893,543,|451,318,491,432,|543,344,575,401,|649,344,689,425,|313,320,344,377,|
frame162|8|402,315,443,424,|289,302,327,387,|758,367,893,544,|178,359,235,481,|451,317,491,432,|543,344,575,401,|313,320,344,377,|650,343,689,425,|
frame163|8|402,314,443,424,|179,358,235,480,|758,368,893,543,|289,303,327,386,|452,317,493,431,|543,345,575,400,|314,320,345,376,|650,343,690,425,|
frame164|8|179,356,234,479,|402,314,443,424,|758,369,893,544,|290,304,327,387,|452,317,493,431,|543,344,575,402,|314,320,345,376,|650,343,690,425,|
frame165|8|401,313,444,424,|178,357,235,480,|758,369,893,543,|290,303,327,387,|453,317,494,432,|543,344,575,401,|650,343,690,426,|584,348,616,415,|
frame166|7|178,358,236,480,|401,312,445,424,|758,369,893,543,|290,303,328,389,|453,317,495,431,|649,343,689,427,|543,345,576,401,|
frame167|7|400,313,444,424,|179,360,236,480,|758,369,893,543,|290,304,328,387,|452,318,494,430,|649,343,689,427,|543,345,575,401,|
frame168|8|400,314,444,423,|181,361,236,480,|758,370,893,543,|291,304,328,389,|451,318,493,431,|649,343,689,427,|543,345,576,401,|584,349,615,414,|
frame169|7|400,313,444,423,|183,361,236,479,|759,371,894,544,|291,304,328,387,|452,318,493,431,|649,343,689,426,|543,345,575,400,|
frame170|8|400,314,444,422,|183,361,234,478,|290,305,328,385,|758,370,894,543,|449,319,491,430,|649,343,690,426,|543,345,576,400,|584,349,614,413,|
frame171|8|400,315,444,422,|184,362,233,477,|290,305,328,385,|758,370,895,544,|449,319,490,431,|649,343,689,426,|543,345,576,401,|584,349,615,413,|
frame172|8|400,315,444,422,|290,305,329,384,|757,369,895,543,|185,363,233,476,|649,343,689,427,|448,320,488,431,|543,345,576,400,|585,349,615,413,|
frame173|8|400,314,444,422,|291,305,329,385,|757,369,895,543,|186,364,234,477,|649,343,689,428,|448,320,489,431,|543,345,576,401,|585,349,615,414,|
frame174|8|400,315,444,422,|291,305,328,385,|757,369,895,543,|184,365,236,478,|448,320,489,431,|648,343,688,427,|543,345,576,401,|585,349,615,415,|
frame175|8|400,315,443,423,|290,305,328,388,|758,369,895,543,|183,365,235,478,|448,320,489,431,|649,343,688,427,|543,345,576,401,|585,349,615,414,|
frame176|7|400,315,444,423,|290,304,328,387,|757,369,895,543,|448,320,489,431,|648,343,688,427,|182,362,233,480,|543,345,576,401,|
frame177|8|400,315,444,423,|290,303,328,388,|180,360,233,481,|449,319,490,431,|758,369,895,544,|648,343,689,427,|543,345,576,401,|584,349,615,414,|
frame178|8|400,316,444,422,|290,303,328,387,|758,369,895,543,|179,358,232,482,|648,342,689,428,|448,320,489,431,|543,345,576,401,|585,349,616,414,|
frame179|7|400,316,444,422,|289,304,327,386,|759,368,894,542,|178,357,234,481,|449,320,490,431,|649,342,689,428,|543,345,575,400,|
frame180|8|400,316,444,422,|289,304,328,387,|759,369,894,543,|449,320,490,431,|178,359,234,480,|649,343,689,427,|543,345,575,401,|585,348,615,415,|
frame181|7|400,316,444,421,|178,359,236,479,|450,318,492,432,|761,368,894,544,|290,302,328,389,|543,344,575,402,|649,343,689,426,|
frame182|7|400,316,444,422,|450,318,492,432,|178,355,233,478,|289,303,328,387,|761,366,894,543,|542,344,575,402,|648,343,688,427,|
frame183|7|401,316,444,421,|450,317,492,432,|177,354,235,478,|761,367,894,543,|288,302,328,387,|542,344,575,402,|649,343,689,426,|
frame184|7|401,316,444,421,|450,318,492,431,|761,368,894,544,|288,304,327,387,|177,352,236,477,|542,344,575,402,|650,345,689,423,|
frame185|7|400,316,444,421,|451,318,493,432,|174,348,237,475,|761,367,895,543,|289,304,325,386,|542,344,575,402,|650,345,689,422,|
frame186|7|401,315,444,422,|452,317,495,433,|761,368,894,544,|174,348,235,472,|287,304,326,386,|542,344,575,402,|650,345,688,423,|
frame187|7|401,314,445,422,|453,317,496,433,|761,368,894,544,|175,346,233,469,|287,303,327,387,|542,344,575,401,|650,345,688,421,|
frame188|6|401,314,445,422,|454,316,496,433,|762,367,894,543,|287,302,327,386,|178,340,233,426,|542,344,575,401,|
frame189|6|400,314,445,423,|455,316,498,433,|761,367,894,543,|179,337,235,433,|287,305,326,386,|542,344,575,401,|
frame190|6|400,314,445,423,|455,316,498,433,|762,366,894,543,|287,306,325,386,|178,331,236,442,|542,343,575,402,|
frame191|6|400,315,445,423,|456,316,498,433,|761,367,894,543,|181,327,233,433,|287,307,325,386,|542,344,575,402,|
frame192|6|401,315,446,423,|458,316,500,433,|761,367,895,544,|181,329,234,435,|288,306,326,386,|541,343,574,403,|
frame193|6|401,315,446,423,|458,316,501,433,|762,367,895,543,|179,325,234,442,|287,307,324,386,|542,343,574,402,|
frame194|6|401,314,446,423,|459,316,502,433,|762,367,895,543,|178,327,236,443,|286,308,324,386,|541,343,574,403,|
frame195|6|401,314,446,423,|459,316,503,433,|762,367,895,544,|177,322,236,451,|285,307,323,386,|541,343,574,403,|
frame196|6|401,314,446,423,|459,316,502,433,|763,367,892,542,|284,307,322,387,|176,316,235,453,|541,342,575,405,|
frame197|6|401,313,446,423,|459,316,502,433,|764,367,891,542,|175,316,237,451,|284,307,323,386,|541,341,575,405,|
frame198|6|402,313,446,424,|764,366,891,542,|458,315,502,433,|285,305,322,387,|174,316,235,450,|541,342,575,405,|
frame199|6|402,313,446,423,|458,315,501,433,|762,366,893,542,|285,303,322,388,|174,316,233,451,|541,341,575,405,|
frame200|6|402,313,446,423,|458,315,501,434,|761,366,893,541,|284,302,321,388,|175,316,234,442,|541,341,575,407,|
frame201|6|402,313,447,423,|457,315,501,434,|762,366,893,542,|285,302,322,387,|174,315,237,438,|541,341,575,406,|
frame202|6|402,313,446,423,|762,366,893,542,|457,315,501,434,|285,302,322,387,|174,315,237,442,|541,342,575,405,|
frame203|6|401,313,446,423,|457,315,501,433,|761,367,893,542,|286,304,323,387,|175,316,233,439,|541,342,575,405,|
frame204|6|402,313,446,423,|762,367,893,543,|457,315,501,434,|286,305,322,387,|176,318,230,437,|541,343,575,404,|
frame205|6|402,313,445,423,|762,366,893,542,|457,315,501,434,|285,305,322,387,|174,318,230,437,|542,343,575,404,|
frame206|6|402,313,445,423,|763,366,893,542,|457,315,500,434,|285,304,321,387,|174,318,232,436,|542,343,575,403,|
frame207|6|402,313,445,423,|457,315,501,434,|763,366,893,542,|284,303,321,388,|174,316,232,439,|542,343,575,403,|
frame208|6|402,313,445,423,|763,366,893,542,|458,315,502,433,|285,303,321,388,|173,317,232,440,|542,343,575,404,|
frame209|6|402,313,444,423,|763,366,893,542,|458,315,501,433,|286,302,322,389,|173,319,232,436,|542,343,575,404,|
frame210|6|401,314,444,423,|762,365,892,542,|457,316,501,433,|287,303,325,389,|175,321,230,434,|542,343,575,404,|
frame211|6|401,315,442,423,|761,366,891,543,|459,316,502,433,|286,303,324,389,|177,323,229,438,|542,342,575,406,|
frame212|6|762,366,892,543,|401,316,441,423,|458,317,501,433,|285,303,322,389,|176,323,230,431,|542,341,575,406,|
frame213|6|763,365,892,543,|401,317,441,423,|458,317,501,433,|174,322,232,431,|285,304,322,388,|543,342,575,406,|
frame214|6|762,364,891,542,|401,319,440,423,|458,318,501,433,|284,304,322,388,|175,321,231,430,|543,342,575,406,|
frame215|6|763,364,892,542,|400,319,440,423,|458,319,500,433,|285,304,323,389,|175,321,231,430,|543,342,575,405,|
frame216|6|761,363,891,541,|401,319,440,423,|457,319,499,433,|286,305,324,389,|175,321,231,430,|543,343,575,404,|
frame217|6|763,363,891,541,|401,320,440,423,|457,319,499,433,|286,305,325,389,|175,320,231,433,|543,343,575,404,|
frame218|6|763,363,891,541,|400,318,440,423,|457,319,499,433,|286,305,325,389,|175,320,230,433,|543,343,575,404,|
frame219|6|763,363,891,541,|400,320,440,422,|457,320,499,432,|286,304,326,389,|543,343,575,404,|176,321,228,429,|
frame220|6|764,363,892,541,|401,318,441,423,|287,304,326,390,|457,319,499,432,|543,343,576,404,|175,323,227,429,|
frame221|7|763,364,892,541,|401,318,440,423,|287,303,327,390,|457,319,499,432,|543,344,576,403,|649,344,687,423,|175,323,226,429,|
frame222|7|764,363,892,541,|401,316,440,423,|287,304,327,390,|456,318,498,433,|543,344,576,403,|649,344,686,424,|175,322,226,430,|
frame223|6|764,364,893,541,|401,316,440,424,|287,304,327,390,|457,318,499,433,|543,344,575,402,|175,322,226,430,|
frame224|5|763,364,892,541,|401,316,440,423,|287,304,327,390,|457,318,500,433,|543,344,575,403,|
frame225|5|764,363,893,541,|400,318,440,423,|458,318,500,433,|287,303,327,390,|543,344,575,402,|
frame226|5|764,363,894,540,|401,316,442,423,|286,305,326,389,|457,317,498,433,|543,345,575,401,|
frame227|6|763,363,894,540,|401,316,442,423,|457,317,499,433,|286,305,326,389,|542,345,575,400,|175,323,229,427,|
frame228|6|763,364,893,541,|402,317,442,423,|458,318,499,433,|287,306,326,389,|543,345,575,401,|176,323,229,427,|
frame229|6|764,363,893,540,|402,318,442,423,|458,318,499,433,|286,306,326,389,|543,344,575,402,|175,323,229,426,|
frame230|7|763,363,893,540,|401,319,441,422,|459,318,500,433,|286,306,326,389,|542,345,575,401,|175,323,229,425,|580,349,609,411,|
frame231|6|763,363,893,540,|401,318,442,422,|458,318,500,433,|285,306,325,388,|542,345,575,401,|175,323,229,425,|
frame232|6|763,362,893,539,|401,320,442,422,|285,305,325,388,|459,318,501,433,|542,345,575,401,|174,322,230,425,|
frame233|6|763,362,892,539,|401,320,442,423,|285,305,324,389,|459,319,501,433,|542,345,575,400,|174,321,230,426,|
frame234|7|763,363,891,540,|401,319,442,423,|285,306,324,388,|460,319,501,432,|543,346,575,400,|648,343,688,427,|174,321,230,427,|
frame235|6|763,363,892,540,|402,318,442,423,|285,305,323,389,|460,318,502,433,|542,345,575,401,|174,321,230,428,|
frame236|6|763,362,892,540,|401,317,442,423,|284,305,323,388,|460,318,502,433,|542,345,575,401,|174,320,230,430,|
frame237|7|764,363,892,540,|401,317,443,423,|284,305,322,389,|460,318,502,433,|542,346,575,400,|175,321,230,429,|582,349,612,412,|
frame238|8|763,363,892,540,|402,315,443,423,|284,304,323,389,|460,317,502,433,|176,322,230,428,|543,345,575,401,|649,343,689,425,|582,349,613,412,|
frame239|8|763,363,892,540,|402,315,444,423,|460,317,502,432,|284,304,323,389,|543,346,575,400,|176,322,229,426,|650,343,689,426,|582,349,612,413,|
frame240|8|763,364,891,540,|402,314,444,423,|460,317,502,432,|284,303,323,389,|543,346,575,400,|651,343,690,426,|177,323,228,423,|582,349,612,412,|
frame241|8|402,315,443,423,|762,363,892,540,|459,316,501,433,|284,304,323,389,|650,343,689,428,|543,346,575,400,|583,349,614,414,|178,324,228,420,|
frame242|8|762,363,891,540,|402,315,443,423,|458,316,500,432,|306,316,342,379,|650,343,690,428,|543,346,576,401,|178,324,228,422,|582,349,613,414,|
frame243|8|762,363,892,539,|401,316,442,423,|458,316,499,433,|306,315,342,379,|649,342,690,428,|543,345,576,401,|177,322,228,426,|582,349,613,413,|
frame244|8|762,362,891,539,|401,316,442,423,|457,316,498,433,|306,315,341,379,|649,342,691,429,|544,346,576,400,|177,321,229,429,|582,349,613,413,|
frame245|8|762,363,892,539,|401,316,442,423,|458,316,499,433,|306,316,342,379,|649,342,690,428,|543,346,576,400,|177,322,228,425,|582,349,613,413,|
frame246|8|762,362,892,539,|401,318,441,422,|458,316,499,433,|306,316,341,378,|649,342,690,428,|543,346,576,401,|177,323,227,423,|582,349,613,413,|
frame247|8|762,362,892,539,|401,318,440,423,|459,317,500,434,|306,316,340,379,|649,343,690,428,|543,346,576,400,|178,325,226,422,|581,349,613,414,|
frame248|7|762,362,892,539,|400,318,440,422,|460,317,500,434,|306,316,341,379,|543,346,575,400,|649,343,690,427,|581,349,612,413,|
frame249|8|761,362,892,540,|400,318,440,422,|461,318,501,434,|286,304,325,389,|543,346,576,400,|649,343,690,427,|582,349,613,413,|179,325,226,420,|
frame250|8|762,362,892,539,|400,319,440,422,|460,318,500,433,|286,305,326,388,|649,343,689,427,|543,346,576,399,|178,324,229,422,|583,348,614,413,|
frame251|8|762,362,892,539,|400,319,440,422,|285,305,325,389,|459,318,498,433,|177,323,230,424,|649,343,689,427,|544,346,576,399,|583,349,614,413,|
frame252|8|762,362,893,539,|400,320,439,422,|285,305,324,389,|175,324,231,428,|460,319,498,433,|649,343,689,427,|544,346,576,399,|583,349,614,412,|
frame253|7|763,362,893,539,|401,319,439,422,|173,327,232,430,|306,316,341,379,|459,319,496,433,|650,343,689,427,|544,346,576,399,|
frame254|8|763,362,892,540,|401,319,440,422,|288,302,327,389,|458,319,496,433,|176,333,227,423,|650,343,689,427,|544,346,576,399,|583,349,613,413,|
frame255|8|763,362,893,540,|400,320,439,422,|288,303,327,389,|457,319,494,433,|650,343,689,427,|544,346,576,399,|175,335,227,423,|583,349,613,413,|
frame256|8|764,360,892,540,|400,320,438,421,|285,302,324,389,|457,318,494,432,|544,345,576,400,|649,343,689,427,|179,338,225,412,|585,349,615,413,|
frame257|8|763,361,892,540,|400,320,438,421,|286,299,326,389,|544,345,576,400,|456,318,494,432,|649,343,690,427,|584,349,615,413,|181,342,224,402,|
frame258|8|764,361,892,540,|399,319,437,421,|288,303,326,389,|544,345,576,400,|456,318,493,431,|650,343,689,426,|165,343,222,466,|584,349,614,413,|
frame259|8|763,361,892,540,|399,319,437,421,|287,301,325,389,|544,345,576,400,|457,319,493,431,|650,343,689,426,|165,341,223,467,|583,349,613,412,|
frame260|8|763,361,892,540,|400,319,438,421,|286,301,326,388,|164,342,222,467,|544,345,576,400,|457,319,494,431,|649,343,689,426,|583,349,613,412,|
frame261|8|763,361,891,540,|399,318,438,421,|288,301,328,388,|164,343,222,468,|544,345,576,400,|457,319,494,431,|649,343,689,426,|583,349,613,412,|
frame262|8|763,361,892,540,|399,318,438,422,|165,344,220,468,|290,301,330,388,|544,345,576,400,|456,320,493,430,|649,343,689,427,|583,349,613,412,|
frame263|8|399,318,438,422,|763,361,891,540,|164,344,221,468,|289,301,328,388,|543,345,575,400,|456,320,493,430,|650,343,689,426,|583,349,613,412,|
frame264|8|399,319,438,421,|763,360,892,539,|163,344,219,468,|288,302,327,388,|544,345,576,400,|455,321,491,431,|649,343,689,427,|583,349,613,412,|
frame265|8|399,321,437,422,|763,361,892,540,|288,301,327,388,|165,345,218,468,|544,345,576,400,|455,322,491,430,|650,343,689,427,|584,349,614,412,|
frame266|8|399,320,437,422,|763,361,892,540,|162,346,219,469,|289,300,328,388,|544,345,576,400,|650,343,689,426,|454,321,490,430,|584,349,614,412,|
frame267|8|163,348,216,468,|399,321,437,422,|763,361,892,540,|289,300,328,388,|453,322,490,431,|544,345,575,400,|650,343,689,427,|584,349,614,413,|
frame268|8|399,320,438,422,|763,361,892,539,|163,350,216,469,|289,299,328,389,|453,322,491,430,|650,343,689,427,|544,345,575,400,|584,349,614,412,|
frame269|8|163,352,217,469,|399,322,438,421,|762,362,892,539,|289,300,327,389,|453,322,492,431,|649,343,689,427,|543,345,575,400,|585,349,615,413,|
frame270|8|163,352,217,469,|400,321,438,421,|763,361,892,540,|289,300,327,389,|455,322,493,431,|649,343,689,427,|543,345,575,400,|585,349,615,413,|
frame271|7|163,351,219,470,|762,362,892,540,|399,322,438,421,|289,302,328,388,|455,321,493,432,|650,343,689,427,|543,345,576,401,|
frame272|7|762,362,892,540,|161,350,219,471,|399,322,438,421,|289,301,327,389,|456,321,494,432,|650,343,689,427,|543,345,575,400,|
frame273|7|762,362,892,540,|162,351,217,472,|399,322,438,422,|289,301,328,389,|455,320,494,432,|650,343,689,427,|543,345,575,400,|
frame274|7|162,352,217,472,|763,362,892,540,|400,321,439,422,|289,301,328,388,|456,318,495,432,|649,342,689,428,|544,345,576,401,|
frame275|7|763,362,892,540,|162,352,218,473,|400,320,439,422,|289,301,328,388,|456,318,496,432,|650,342,690,429,|544,345,576,401,|
frame276|7|763,362,892,539,|162,352,219,473,|399,320,439,422,|289,301,328,388,|455,318,495,432,|650,343,690,428,|544,345,577,400,|
frame277|7|162,352,219,473,|763,362,892,540,|399,320,438,422,|289,301,328,388,|456,318,495,432,|650,343,690,428,|544,345,577,400,|
frame278|7|763,362,892,540,|162,352,219,473,|400,319,439,422,|289,301,328,388,|453,317,491,432,|649,343,689,428,|545,346,577,399,|
frame279|7|161,351,219,473,|763,362,892,540,|399,320,438,422,|289,301,328,388,|455,317,494,432,|649,343,689,427,|544,346,576,400,|
frame280|7|161,351,217,471,|763,362,892,539,|400,319,439,422,|289,300,328,389,|456,316,496,433,|649,342,690,427,|544,346,576,400,|
frame281|7|763,363,892,540,|400,320,439,422,|162,350,216,470,|289,300,328,389,|459,315,500,433,|543,346,576,400,|650,343,689,425,|
frame282|7|763,362,892,540,|400,319,439,422,|289,300,327,389,|162,350,218,470,|459,315,499,433,|651,343,689,424,|544,346,576,399,|
frame283|7|763,362,893,540,|163,352,218,467,|399,319,440,422,|289,300,327,388,|459,316,500,433,|650,343,689,424,|543,346,576,399,|
frame284|7|763,363,893,540,|163,351,219,466,|400,319,439,422,|290,301,327,389,|460,316,501,433,|543,346,576,399,|650,344,688,423,|
frame285|6|763,363,893,540,|399,318,440,422,|163,350,218,466,|290,300,327,389,|461,316,502,433,|543,346,576,399,|
frame286|7|761,363,893,541,|400,316,441,422,|290,300,327,389,|164,349,216,465,|459,317,498,431,|543,345,575,400,|651,345,687,423,|
frame287|7|761,363,893,540,|400,315,441,422,|164,348,217,464,|289,301,327,389,|459,317,499,431,|543,346,575,400,|650,344,687,423,|
frame288|7|761,363,893,541,|400,313,442,422,|290,301,326,389,|165,346,215,464,|458,317,499,431,|543,345,575,400,|650,344,688,423,|
frame289|6|760,363,893,541,|400,311,443,422,|165,345,215,463,|291,302,326,389,|459,316,500,432,|543,346,575,399,|
frame290|7|760,363,893,541,|400,311,443,422,|166,344,216,463,|290,301,327,389,|460,316,500,432,|543,346,575,400,|650,344,687,422,|
frame291|6|760,363,893,541,|400,309,442,423,|166,344,217,462,|290,303,328,388,|461,315,500,432,|543,346,575,399,|
frame292|6|760,363,893,541,|401,308,441,423,|166,343,218,461,|289,303,327,388,|461,315,501,432,|543,346,575,400,|
frame293|6|760,363,893,541,|164,344,221,461,|401,309,440,423,|290,303,328,389,|462,315,503,432,|543,346,575,400,|
frame294|6|760,364,893,541,|165,343,220,463,|291,303,329,389,|401,309,440,424,|463,315,502,432,|543,346,575,399,|
frame295|6|761,363,892,540,|304,315,338,381,|401,310,439,424,|464,314,503,433,|164,337,221,464,|543,346,575,399,|
frame296|6|761,363,892,541,|290,303,328,388,|400,310,438,424,|464,314,503,432,|164,333,219,464,|544,346,576,399,|
frame297|6|761,363,892,540,|305,315,339,382,|400,311,438,423,|464,315,504,432,|165,332,220,465,|543,346,575,399,|
frame298|6|761,363,892,540,|305,315,339,382,|400,310,438,424,|464,315,503,433,|165,331,218,462,|543,346,575,399,|
frame299|7|760,363,892,540,|304,315,338,382,|400,311,438,424,|163,327,209,453,|464,315,503,432,|544,346,575,399,|650,344,687,422,|
frame300|6|760,363,892,540,|304,315,338,382,|401,311,439,424,|163,319,212,453,|463,316,502,432,|543,346,575,399,|
frame301|6|762,363,892,541,|401,308,440,425,|303,314,340,384,|463,315,502,432,|543,345,575,400,|164,315,214,455,|
frame302|6|762,363,892,540,|402,307,440,425,|290,304,330,388,|462,314,502,432,|543,345,576,400,|163,315,215,454,|
frame303|6|763,363,892,541,|402,308,441,424,|290,305,330,389,|462,314,502,432,|543,345,576,400,|163,316,217,451,|
frame304|6|762,363,892,540,|402,308,441,425,|290,304,330,389,|462,314,502,432,|543,346,575,400,|163,317,218,450,|
frame305|5|763,364,892,541,|402,307,441,426,|291,304,331,389,|462,314,503,432,|543,346,576,400,|
frame306|5|763,364,892,541,|402,307,441,426,|291,304,332,389,|462,314,503,432,|543,346,575,399,|
frame307|5|762,363,892,541,|402,307,442,426,|290,304,331,389,|463,314,503,432,|543,346,576,399,|
frame308|5|762,363,892,540,|402,308,442,426,|290,304,330,389,|463,314,503,431,|543,346,575,399,|
frame309|5|762,363,891,541,|403,308,443,426,|290,304,330,389,|464,314,503,431,|543,346,576,399,|
frame310|5|762,363,892,541,|403,308,443,426,|290,305,330,389,|464,314,503,432,|543,346,576,399,|
frame311|5|762,363,892,540,|403,309,442,426,|291,305,331,388,|464,314,502,431,|543,346,575,399,|
frame312|5|762,363,892,540,|403,309,443,425,|292,305,331,388,|464,314,503,431,|543,346,575,399,|
frame313|5|762,362,892,540,|403,309,443,426,|292,305,332,388,|464,314,502,431,|543,345,575,398,|
frame314|5|762,363,892,540,|403,309,444,426,|292,305,332,388,|464,314,503,432,|543,345,575,399,|
frame315|5|761,363,892,540,|403,309,445,426,|292,305,332,388,|465,314,504,432,|543,345,575,398,|
frame316|5|762,364,893,540,|403,309,446,426,|291,304,331,388,|466,314,506,432,|543,346,575,398,|
frame317|5|763,363,893,540,|403,308,446,426,|291,304,331,388,|466,314,506,433,|543,346,575,399,|
frame318|5|763,363,893,539,|404,309,445,426,|291,304,331,388,|466,314,506,432,|543,346,575,398,|
frame319|5|763,363,893,540,|290,304,330,389,|404,309,444,426,|466,315,506,432,|543,346,575,398,|
frame320|5|763,363,893,540,|290,303,330,389,|403,310,444,425,|466,316,506,432,|543,346,575,398,|
frame321|5|763,364,893,540,|290,303,330,390,|404,311,444,425,|543,346,575,398,|466,316,505,432,|
frame322|5|762,363,893,539,|289,303,330,389,|404,311,444,425,|466,316,505,431,|543,346,575,398,|
frame323|5|762,363,893,539,|289,303,331,389,|403,310,444,425,|465,315,505,432,|543,345,575,399,|
frame324|5|762,363,893,540,|290,303,332,389,|402,310,444,425,|466,316,506,432,|543,345,575,399,|
frame325|6|762,363,893,539,|290,302,331,389,|402,310,443,426,|543,345,576,400,|466,316,506,432,|165,314,218,448,|
frame326|6|762,363,893,539,|291,303,332,389,|401,310,442,426,|543,344,576,401,|466,316,506,432,|165,316,219,446,|
frame327|5|761,363,893,538,|290,303,332,389,|401,311,442,427,|544,344,576,401,|466,316,506,432,|
frame328|6|762,363,893,538,|290,303,331,389,|401,311,442,426,|543,344,575,401,|467,316,506,432,|163,317,219,445,|
frame329|6|762,363,893,538,|289,303,331,389,|401,310,442,427,|467,315,506,432,|543,344,575,400,|162,317,220,447,|
frame330|6|762,363,894,539,|289,303,331,389,|401,310,443,427,|467,314,507,433,|543,344,576,402,|162,316,221,450,|
frame331|6|763,363,892,540,|289,304,331,388,|400,309,441,427,|467,315,507,432,|543,344,576,402,|161,316,220,447,|
frame332|6|763,364,893,540,|289,303,331,389,|399,309,441,427,|467,315,507,432,|543,344,576,402,|160,316,219,447,|
frame333|6|763,364,893,540,|289,304,331,389,|399,309,441,427,|466,314,507,433,|160,316,217,445,|543,344,576,403,|
frame334|6|763,364,893,540,|399,310,441,426,|289,304,331,389,|465,314,506,434,|159,315,217,446,|543,343,576,404,|
frame335|6|763,364,893,540,|400,311,441,426,|288,305,329,388,|464,314,504,434,|160,314,214,444,|542,337,579,414,|
frame336|6|762,364,893,540,|400,313,441,426,|288,305,329,388,|464,315,504,434,|161,314,214,445,|543,337,579,413,|
frame337|6|763,364,893,539,|400,312,441,426,|463,314,504,435,|288,305,328,388,|161,314,215,443,|543,338,578,412,|
frame338|6|763,364,893,540,|399,312,442,426,|463,313,504,436,|287,305,328,388,|161,315,215,445,|543,339,578,409,|
frame339|8|762,364,893,540,|464,314,505,436,|399,313,440,426,|288,305,328,388,|160,315,214,445,|651,343,691,427,|544,340,579,408,|581,348,614,413,|
frame340|7|762,364,893,540,|287,305,328,388,|399,314,440,426,|462,314,504,436,|160,315,214,442,|650,343,692,427,|544,339,580,410,|
frame341|8|762,364,893,540,|462,313,505,436,|288,305,328,388,|398,315,440,426,|160,315,214,447,|649,343,691,428,|544,337,581,413,|579,347,613,415,|
frame342|7|762,364,893,540,|399,315,440,426,|287,305,328,388,|460,314,502,436,|161,315,214,446,|544,337,581,413,|649,343,692,427,|
frame343|7|762,364,892,539,|399,317,440,425,|287,305,328,388,|458,315,500,435,|161,316,214,446,|544,336,581,414,|577,347,611,414,|
frame344|7|762,364,892,540,|399,317,440,425,|458,316,500,435,|287,305,328,388,|161,317,214,445,|544,336,581,415,|577,348,612,414,|
frame345|7|763,364,893,540,|399,317,440,425,|161,318,212,444,|458,316,500,436,|288,305,327,388,|544,335,581,415,|578,347,612,414,|
frame346|8|762,365,891,541,|398,317,440,426,|458,317,501,435,|162,319,210,445,|288,304,328,388,|544,333,582,417,|649,344,690,424,|579,347,613,415,|
frame347|8|762,365,892,541,|397,318,441,425,|460,320,503,435,|161,325,211,445,|288,304,328,388,|543,333,581,417,|649,344,690,424,|580,346,613,415,|
frame348|8|397,317,442,426,|762,365,892,541,|461,319,505,435,|161,331,211,447,|288,304,329,388,|542,334,580,416,|649,344,690,425,|580,346,613,415,|
frame349|8|395,318,441,427,|462,319,508,436,|762,365,892,541,|288,304,329,388,|541,335,580,416,|160,332,214,450,|650,344,691,425,|579,348,613,415,|
frame350|7|463,319,509,436,|395,320,441,427,|763,364,892,541,|288,304,328,389,|162,329,212,448,|540,337,579,415,|579,348,612,414,|
frame351|7|461,323,507,436,|395,320,441,427,|763,364,892,540,|289,304,328,388,|162,333,211,447,|539,337,578,416,|580,348,613,414,|
frame352|7|461,324,506,435,|396,320,440,426,|763,364,893,540,|290,304,329,389,|163,346,215,455,|538,335,578,418,|580,349,614,414,|
frame353|8|463,322,507,435,|395,319,440,425,|763,364,893,540,|164,349,215,455,|289,304,328,389,|539,334,578,417,|649,345,690,424,|579,348,612,413,|
frame354|8|396,319,441,425,|462,321,504,435,|764,364,893,541,|164,349,213,455,|290,304,328,388,|539,334,577,417,|649,345,690,424,|580,349,613,413,|
frame355|7|395,318,440,426,|461,319,501,436,|764,364,894,541,|164,348,213,454,|290,304,328,388,|540,332,578,419,|580,348,613,414,|
frame356|8|394,319,440,426,|764,364,893,541,|458,320,499,436,|289,304,328,388,|164,349,215,453,|541,331,579,420,|649,344,690,425,|581,347,614,414,|
frame357|8|394,319,440,426,|764,364,893,540,|457,319,498,435,|164,350,215,454,|290,302,329,388,|541,330,580,421,|649,344,690,425,|581,347,614,414,|
frame358|7|394,319,440,426,|764,365,892,541,|457,318,498,436,|291,303,327,389,|541,331,580,420,|165,352,211,454,|580,348,613,412,|
frame359|8|394,319,441,427,|763,364,893,541,|457,318,497,435,|290,302,326,389,|541,331,580,419,|649,344,690,425,|165,352,210,456,|578,347,611,413,|
frame360|8|395,317,440,427,|764,364,893,541,|458,317,499,436,|165,351,211,456,|309,317,346,382,|541,332,578,418,|649,344,690,424,|578,346,610,413,|
frame361|8|397,318,441,427,|764,364,893,541,|456,321,498,435,|307,316,345,383,|165,353,211,456,|541,335,577,414,|651,347,690,421,|579,346,611,413,|
frame362|8|397,319,440,426,|763,364,893,541,|456,320,499,435,|165,353,213,457,|289,302,327,388,|542,335,578,413,|651,346,689,422,|579,346,612,412,|
frame363|7|396,317,440,426,|763,364,893,542,|459,319,502,435,|165,354,213,457,|290,302,328,388,|542,335,579,413,|579,346,611,412,|
frame364|8|395,316,439,426,|459,320,502,435,|764,364,893,542,|164,354,214,458,|290,301,328,387,|543,335,580,413,|650,346,689,421,|579,345,611,413,|
frame365|7|395,315,438,426,|763,363,893,541,|458,320,501,435,|164,354,214,458,|290,301,328,388,|544,335,580,413,|576,345,609,414,|
frame366|8|394,314,437,427,|764,363,893,542,|458,319,500,435,|164,353,215,458,|290,301,328,388,|544,335,580,412,|650,345,690,424,|577,345,611,414,|
frame367|8|393,313,437,428,|459,320,500,435,|763,363,893,541,|164,353,214,458,|290,301,327,388,|543,335,580,411,|650,346,690,423,|576,345,610,414,|
frame368|8|392,312,436,427,|458,321,500,435,|764,364,892,541,|290,301,327,388,|164,353,214,458,|543,338,578,406,|577,345,610,413,|651,347,689,421,|
frame369|7|392,311,436,429,|763,364,893,541,|458,319,499,436,|290,301,327,388,|164,353,214,458,|544,338,580,408,|578,345,611,415,|
frame370|7|391,309,437,432,|457,315,500,438,|764,363,893,541,|290,301,327,388,|164,353,213,458,|544,336,581,411,|577,344,611,417,|
frame371|7|391,309,439,432,|457,315,502,438,|765,363,893,541,|164,353,213,457,|290,301,328,388,|544,336,582,413,|576,344,611,417,|
frame372|8|393,310,439,430,|457,318,502,437,|765,363,893,541,|165,354,213,457,|291,301,328,388,|543,338,580,411,|577,344,612,417,|649,346,689,421,|
frame373|8|394,311,439,428,|456,321,501,435,|764,364,893,541,|291,301,329,387,|543,339,579,409,|165,354,212,457,|576,344,610,416,|650,347,689,418,|
frame374|8|455,320,502,436,|764,365,893,542,|395,311,438,429,|543,340,579,408,|293,302,329,387,|165,354,212,456,|575,344,607,415,|651,349,688,417,|
frame375|8|764,366,893,542,|396,310,439,428,|456,318,500,435,|544,339,579,410,|292,302,328,387,|575,344,608,416,|166,353,211,456,|651,348,687,418,|
frame376|8|765,365,892,539,|396,310,439,428,|456,315,499,436,|292,303,327,387,|543,339,577,408,|166,352,212,455,|578,345,610,413,|649,349,685,418,|
frame377|7|765,363,894,540,|396,312,438,427,|454,318,496,435,|306,318,341,381,|543,342,576,404,|577,347,607,410,|649,349,685,416,|
frame378|7|764,364,893,541,|397,312,439,427,|454,317,496,437,|543,342,577,405,|307,318,341,382,|164,351,212,455,|576,347,607,411,|
frame379|8|764,365,893,541,|453,318,497,436,|396,313,440,426,|164,351,213,455,|543,342,577,406,|291,303,329,388,|578,347,609,412,|650,350,685,417,|
frame380|7|763,366,894,541,|451,318,497,436,|395,313,441,426,|164,349,213,456,|291,304,329,387,|543,342,577,405,|579,346,611,414,|
frame381|7|451,317,497,436,|761,367,895,542,|396,313,441,426,|164,350,212,454,|291,303,328,387,|543,342,577,406,|581,346,612,414,|
frame382|7|449,317,497,436,|759,366,897,542,|395,312,440,426,|290,304,328,387,|163,349,214,454,|542,342,577,405,|581,347,612,413,|
frame383|7|450,317,497,435,|395,312,440,427,|759,367,896,543,|163,349,216,454,|291,304,330,387,|542,343,577,404,|581,347,612,412,|
frame384|7|450,318,497,436,|759,366,895,543,|394,313,440,427,|291,303,330,388,|542,344,577,404,|161,342,209,433,|579,347,610,412,|
frame385|7|449,317,497,436,|758,366,895,544,|394,313,441,427,|291,303,330,388,|542,343,576,403,|163,340,210,435,|578,347,609,411,|
frame386|7|758,367,896,543,|448,317,497,436,|394,313,441,427,|305,316,341,381,|542,343,577,403,|578,347,608,411,|167,331,215,442,|
frame387|7|758,365,896,543,|448,318,496,436,|394,313,441,427,|290,304,330,388,|542,343,576,403,|164,330,214,444,|578,347,609,412,|
frame388|7|759,365,895,543,|447,318,496,435,|395,314,442,427,|289,303,330,388,|542,343,576,403,|162,332,213,444,|578,347,608,411,|
frame389|7|759,362,895,543,|447,318,496,434,|395,314,442,427,|290,303,330,388,|541,343,576,403,|162,332,213,444,|577,348,608,410,|
frame390|7|759,362,896,544,|447,318,495,434,|394,314,441,427,|290,304,331,388,|162,326,214,447,|541,343,576,403,|578,347,609,411,|
frame391|8|760,364,895,545,|447,318,495,434,|395,314,442,427,|291,303,331,388,|542,343,577,403,|164,321,215,446,|578,347,609,412,|973,393,1011,504,|
frame392|7|760,365,895,545,|446,317,496,434,|394,314,441,427,|290,303,331,388,|542,342,577,404,|576,347,608,412,|166,319,216,446,|
frame393|7|760,365,895,545,|447,316,496,434,|394,314,441,427,|290,303,330,388,|542,342,577,404,|166,317,216,443,|577,347,608,412,|
frame394|7|760,365,895,544,|446,316,496,434,|394,313,441,427,|292,304,332,388,|163,318,215,441,|542,342,577,405,|576,347,607,412,|
frame395|7|760,365,895,545,|446,316,496,433,|394,313,440,427,|293,304,332,388,|543,342,577,405,|163,316,216,442,|576,347,607,412,|
frame396|7|760,365,897,545,|446,317,496,433,|395,313,441,427,|292,303,332,388,|543,342,578,405,|575,347,605,411,|163,314,217,441,|
frame397|7|760,366,896,545,|446,317,495,434,|396,314,441,427,|291,304,331,388,|162,313,218,439,|543,343,578,404,|575,348,605,410,|
frame398|7|761,365,897,545,|446,317,495,434,|162,314,220,440,|397,315,441,426,|290,304,331,388,|543,343,578,404,|575,347,605,410,|
frame399|7|761,365,896,545,|446,317,494,434,|397,316,441,426,|162,313,220,440,|290,304,331,388,|543,343,578,404,|575,347,605,410,|
frame400|7|760,366,895,544,|396,315,442,426,|445,318,493,434,|290,303,331,387,|162,313,219,439,|543,343,578,405,|575,347,606,410,|
frame401|8|761,366,895,545,|396,316,442,426,|446,320,493,433,|290,303,331,387,|543,343,578,405,|576,347,607,410,|163,312,218,440,|973,394,1011,503,|
frame402|7|761,365,895,545,|396,316,442,427,|447,320,494,433,|290,304,332,387,|543,343,578,405,|163,312,218,439,|577,347,607,410,|
frame403|7|762,366,896,545,|448,322,495,432,|290,304,331,387,|543,342,578,405,|397,317,442,425,|162,313,216,437,|579,347,610,411,|
frame404|7|761,365,895,545,|447,322,496,433,|290,304,331,387,|543,342,578,406,|161,313,217,440,|398,317,443,425,|581,347,612,412,|
frame405|8|760,366,895,544,|447,325,496,434,|290,304,330,387,|542,342,577,405,|161,313,216,440,|581,347,612,411,|400,319,444,423,|383,315,417,388,|
frame406|8|760,363,896,545,|447,325,496,435,|161,315,217,437,|542,341,577,406,|288,305,330,387,|583,345,614,413,|399,319,444,424,|382,315,416,388,|
frame407|8|760,363,895,545,|447,325,497,437,|161,315,217,435,|289,305,331,387,|542,342,576,406,|582,346,612,412,|398,319,443,425,|382,316,415,388,|
frame408|7|761,363,896,545,|448,327,496,436,|162,316,215,434,|306,316,344,380,|542,341,575,405,|584,345,613,411,|398,321,443,425,|
frame409|7|761,363,895,545,|446,325,497,437,|163,317,214,432,|308,316,347,380,|542,340,575,405,|397,320,442,426,|585,345,614,411,|
frame410|7|760,362,895,545,|446,324,497,437,|163,317,213,431,|310,316,348,380,|542,339,574,406,|396,318,442,427,|586,346,615,410,|
frame411|6|760,363,895,546,|447,322,497,437,|162,317,212,431,|311,317,349,380,|541,339,574,406,|395,316,441,427,|
frame412|6|761,362,896,545,|446,322,497,438,|161,318,210,430,|310,316,349,380,|541,338,574,406,|397,316,443,428,|
frame413|7|761,363,896,545,|446,320,496,438,|161,319,209,430,|310,315,350,381,|541,336,575,409,|397,314,444,428,|381,316,414,389,|
frame414|6|761,362,896,545,|446,318,497,439,|160,319,210,431,|311,315,352,381,|540,335,576,411,|396,314,444,430,|
frame415|6|761,363,896,545,|445,317,497,439,|160,320,210,432,|310,314,352,382,|540,334,576,413,|395,313,445,432,|
frame416|6|760,363,896,545,|446,317,497,439,|160,319,210,433,|309,315,353,383,|540,334,575,413,|394,313,443,432,|
frame417|6|761,363,896,545,|447,317,497,439,|159,319,210,434,|312,315,355,382,|540,334,575,413,|395,314,443,430,|
frame418|6|761,364,896,545,|447,317,497,441,|160,319,210,433,|311,314,354,382,|540,335,575,412,|397,315,443,430,|
frame419|6|447,317,498,442,|761,364,896,545,|160,319,210,433,|314,314,355,382,|540,334,576,414,|397,314,445,431,|
frame420|7|446,317,498,442,|761,364,896,545,|160,319,210,433,|316,315,357,383,|289,304,331,387,|396,313,445,433,|540,334,577,414,|
frame421|7|760,367,896,545,|446,317,496,443,|160,319,211,433,|317,316,360,382,|289,305,331,387,|394,315,443,434,|541,334,576,413,|
frame422|7|446,319,497,442,|760,368,895,545,|160,319,210,434,|316,316,359,383,|289,306,331,386,|393,317,443,433,|540,335,575,413,|
frame423|7|760,368,895,545,|446,319,498,443,|160,319,211,434,|317,317,359,383,|289,306,331,387,|391,316,441,432,|540,335,576,413,|
frame424|7|446,317,498,442,|760,366,895,545,|160,320,210,432,|318,317,360,382,|289,306,331,387,|390,313,442,432,|540,334,576,414,|
frame425|7|761,367,895,545,|445,315,497,443,|161,319,210,433,|318,317,359,381,|289,306,331,387,|391,311,443,433,|541,334,576,414,|
frame426|7|445,316,498,441,|761,367,895,545,|161,319,210,432,|319,317,360,382,|391,313,443,433,|289,306,331,386,|541,335,576,413,|
frame427|8|444,316,497,440,|760,367,895,545,|319,317,361,382,|161,319,209,432,|390,313,443,432,|289,308,331,386,|541,336,576,411,|649,347,687,419,|
frame428|8|760,366,895,545,|444,313,495,439,|320,318,361,382,|160,318,210,432,|391,312,444,432,|289,308,331,386,|541,336,575,411,|649,347,687,420,|
frame429|7|759,366,895,545,|443,313,492,439,|320,318,361,382,|161,317,211,433,|392,312,444,430,|289,308,331,386,|541,337,575,410,|
frame430|7|759,365,895,545,|441,314,493,438,|320,318,360,381,|162,316,213,435,|383,312,423,387,|289,307,331,386,|541,337,575,409,|
frame431|7|760,366,895,545,|319,316,360,382,|440,311,493,438,|382,309,425,390,|162,315,214,436,|289,307,331,386,|542,337,576,410,|
frame432|7|760,367,896,546,|319,316,360,382,|439,309,492,437,|162,314,215,437,|381,308,424,392,|289,307,331,386,|542,337,576,410,|
frame433|7|761,366,896,546,|317,315,358,382,|440,309,490,436,|383,307,426,394,|162,314,215,438,|290,305,331,386,|542,337,575,410,|
frame434|9|762,366,896,546,|317,315,359,382,|386,307,431,394,|162,315,215,437,|290,305,332,387,|438,309,487,435,|542,338,575,409,|651,347,688,422,|972,396,1011,504,|
frame435|8|761,366,896,546,|318,315,359,381,|387,308,431,395,|290,305,332,387,|162,316,214,438,|436,308,484,436,|543,339,575,408,|972,395,1011,504,|
frame436|7|760,365,896,545,|320,316,360,382,|398,313,450,430,|162,316,216,437,|289,305,331,387,|435,308,482,437,|543,338,576,409,|
frame437|6|761,365,896,544,|317,315,358,382,|399,313,452,430,|290,304,332,387,|162,314,216,437,|542,337,576,410,|
frame438|6|760,365,896,544,|317,315,357,382,|399,314,452,431,|290,305,332,387,|162,314,217,436,|543,337,576,410,|
frame439|6|761,364,896,545,|399,314,453,431,|317,315,357,382,|290,305,332,387,|162,314,216,436,|543,337,576,410,|
frame440|6|760,366,895,545,|317,315,357,382,|399,314,452,430,|162,315,215,433,|289,306,331,387,|543,338,576,408,|
frame441|6|760,365,895,546,|162,318,214,432,|399,314,451,431,|317,316,356,382,|289,307,330,387,|543,338,576,409,|
frame442|6|760,365,896,546,|161,319,214,434,|400,315,451,431,|318,316,356,382,|289,307,330,387,|543,338,575,408,|
frame443|6|760,365,896,545,|161,320,215,433,|400,317,451,431,|319,316,356,382,|289,306,330,388,|543,337,575,409,|
frame444|6|761,366,896,545,|162,320,214,436,|400,317,451,431,|319,317,357,382,|288,305,330,387,|543,338,575,409,|
frame445|6|762,365,896,545,|161,323,208,434,|402,318,454,432,|317,316,355,381,|289,305,330,388,|543,338,575,409,|
frame446|6|761,364,896,545,|159,327,207,437,|403,318,455,433,|315,316,353,381,|289,304,330,388,|542,338,575,410,|
frame447|5|158,330,209,440,|762,365,895,545,|403,318,454,433,|314,316,352,381,|542,336,576,413,|
frame448|5|158,328,209,441,|762,364,895,545,|403,318,455,433,|315,316,352,381,|542,336,577,413,|
frame449|5|762,364,895,545,|160,328,211,440,|403,318,456,434,|542,334,579,416,|315,316,353,381,|
frame450|5|158,332,206,437,|763,364,895,544,|403,317,455,433,|542,335,579,415,|314,316,352,381,|
frame451|5|156,334,207,438,|762,365,895,544,|402,316,455,433,|290,300,330,388,|542,336,580,414,|
frame452|5|761,365,895,545,|156,334,210,440,|401,315,454,434,|291,301,330,389,|543,338,579,412,|
frame453|5|762,365,895,545,|159,340,210,437,|401,314,455,434,|542,336,580,416,|292,302,329,388,|
frame454|6|761,365,895,545,|159,343,206,435,|401,313,455,435,|292,302,330,388,|542,335,580,416,|650,348,687,421,|
frame455|6|761,365,896,545,|155,341,203,436,|400,314,454,435,|293,301,330,388,|542,335,581,416,|651,348,687,422,|
frame456|6|760,365,895,545,|400,314,454,434,|152,345,199,433,|292,301,330,389,|541,334,580,416,|650,347,687,422,|
frame457|6|761,364,895,544,|399,313,454,434,|153,345,200,436,|292,301,331,389,|541,334,579,415,|650,346,687,422,|
frame458|6|761,365,895,544,|399,314,453,432,|155,347,213,458,|292,302,331,389,|541,334,579,414,|441,316,480,381,|
frame459|7|762,365,895,545,|399,316,453,432,|290,301,331,389,|436,311,487,439,|541,334,579,416,|156,346,213,458,|649,347,688,422,|
frame460|7|762,365,895,545,|398,315,452,432,|437,311,488,439,|290,302,331,389,|541,335,578,414,|152,347,200,435,|650,347,688,423,|
frame461|7|762,365,895,545,|398,315,451,432,|439,312,489,439,|291,302,331,389,|542,337,576,410,|152,347,199,436,|650,346,688,423,|
frame462|7|761,366,895,545,|397,315,450,432,|440,311,489,439,|291,301,332,389,|158,349,211,456,|542,336,576,413,|650,347,687,422,|
frame463|7|762,365,895,545,|397,316,449,432,|442,312,491,439,|157,349,211,456,|291,302,331,389,|541,335,575,414,|649,346,687,422,|
frame464|7|762,365,895,545,|157,350,210,457,|442,311,492,439,|396,314,449,432,|291,302,331,389,|541,335,575,413,|648,347,686,422,|
frame465|7|762,366,895,546,|442,311,493,440,|158,350,210,457,|396,316,449,433,|292,302,331,390,|541,335,575,413,|648,346,687,423,|
frame466|6|762,365,895,546,|443,310,494,440,|158,350,209,456,|292,301,330,389,|396,315,448,433,|540,331,576,417,|
frame467|6|761,366,895,545,|444,312,493,439,|291,301,330,389,|159,350,209,455,|540,331,576,417,|397,316,448,432,|
frame468|6|761,365,895,545,|444,313,494,440,|292,300,331,390,|540,330,576,418,|159,350,209,455,|398,317,448,432,|
frame469|6|761,365,894,545,|443,312,495,440,|291,300,331,389,|540,329,576,418,|154,349,196,434,|398,318,448,431,|
frame470|6|760,366,894,545,|443,314,494,439,|292,301,331,389,|153,348,195,433,|540,330,575,417,|398,319,448,430,|
frame471|6|761,366,894,546,|444,316,493,438,|292,301,330,389,|153,347,197,436,|540,329,575,417,|399,319,448,430,|
frame472|6|761,365,894,545,|444,315,492,438,|153,346,197,436,|293,302,330,389,|540,328,576,419,|398,319,448,430,|
frame473|6|760,365,895,545,|155,349,209,455,|442,316,492,439,|293,303,331,389,|396,319,448,431,|540,328,577,419,|
frame474|6|760,365,895,545,|152,347,197,431,|442,317,491,438,|398,320,449,431,|293,302,331,389,|540,329,576,418,|
frame475|6|760,365,895,545,|154,346,201,433,|399,319,449,431,|442,317,490,438,|292,303,331,389,|540,330,576,417,|
frame476|6|760,365,895,545,|153,344,198,432,|399,320,450,431,|291,301,332,389,|442,319,490,436,|539,330,576,417,|
frame477|6|760,365,895,546,|152,341,200,432,|291,301,331,389,|400,322,450,431,|442,322,490,436,|539,329,577,418,|
frame478|6|760,366,895,546,|156,339,201,434,|441,322,490,437,|291,301,332,389,|400,323,449,431,|539,328,578,419,|
frame479|6|759,366,894,545,|156,337,200,435,|441,321,490,437,|291,302,331,389,|400,323,449,430,|539,327,577,420,|
frame480|6|760,366,894,545,|157,335,201,434,|441,321,491,437,|291,302,331,389,|399,325,450,429,|539,327,577,420,|
frame481|6|758,365,895,544,|153,329,204,439,|442,322,490,436,|291,303,332,389,|399,328,448,428,|540,328,577,418,|
frame482|6|759,366,895,545,|154,330,203,435,|441,324,489,435,|292,303,333,389,|399,330,447,427,|543,324,574,380,|
frame483|6|759,365,895,545,|153,331,205,436,|441,325,489,435,|292,304,332,390,|398,329,446,426,|540,330,576,415,|
frame484|6|759,365,895,545,|153,328,204,434,|441,324,489,436,|291,304,331,389,|398,327,446,427,|540,329,577,417,|
frame485|6|759,365,895,545,|154,324,205,432,|441,323,489,437,|292,304,331,389,|540,327,578,420,|398,326,445,427,|
frame486|6|760,365,895,545,|154,319,205,434,|441,323,489,437,|292,304,331,389,|540,326,578,421,|398,326,445,426,|
frame487|7|759,365,895,545,|154,318,203,437,|441,319,490,438,|292,303,332,390,|540,325,579,422,|397,325,446,425,|647,345,684,421,|
frame488|6|759,366,895,545,|292,304,332,390,|154,317,201,434,|441,317,490,437,|540,326,579,420,|396,324,445,424,|
frame489|6|758,365,895,545,|291,304,332,390,|155,316,200,432,|441,317,490,437,|541,328,579,419,|395,324,444,423,|
frame490|6|758,365,895,545,|291,304,332,389,|157,317,202,430,|541,328,579,419,|440,314,489,437,|397,321,446,425,|
frame491|6|759,365,895,545,|291,304,332,389,|159,318,203,427,|541,326,581,421,|440,310,491,440,|397,318,447,426,|
frame492|6|760,365,896,545,|291,304,331,389,|540,325,581,423,|440,309,492,439,|160,318,204,424,|396,316,449,427,|
frame493|6|759,365,896,545,|291,304,331,389,|540,323,581,425,|439,312,489,438,|160,318,205,423,|397,317,449,427,|
frame494|6|759,365,895,545,|290,304,330,389,|540,324,580,424,|398,315,450,428,|160,318,204,422,|439,314,486,437,|
frame495|6|758,365,895,545,|291,303,331,389,|541,326,580,423,|401,314,452,430,|160,317,204,423,|437,313,482,438,|
frame496|6|760,365,895,546,|291,303,330,389,|541,325,580,425,|402,314,453,431,|155,317,192,387,|437,312,482,438,|
frame497|5|760,366,895,545,|291,303,331,389,|402,315,455,431,|541,326,580,423,|153,319,190,384,|
frame498|5|761,366,895,545,|402,316,456,433,|291,303,331,388,|541,326,580,423,|153,319,189,382,|
frame499|5|760,365,895,545,|401,315,455,434,|291,303,331,388,|159,318,205,425,|542,326,581,424,|
