frame0|6|199,326,266,519,|388,300,438,421,|468,298,505,441,|291,294,318,395,|786,366,894,496,|315,312,346,394,|
frame1|7|201,325,267,517,|388,300,438,422,|468,298,502,439,|291,293,317,393,|784,364,895,501,|298,296,335,392,|318,310,348,390,|
frame2|5|200,323,269,516,|388,299,437,422,|468,299,502,439,|291,293,317,391,|785,365,894,500,|
frame3|5|201,322,269,515,|388,299,436,421,|468,299,502,439,|291,294,318,390,|785,365,894,501,|
frame4|5|200,323,267,513,|388,300,436,421,|291,294,318,390,|468,299,502,439,|785,364,893,501,|
frame5|5|198,322,269,512,|388,300,436,421,|468,299,502,438,|290,293,316,389,|785,365,893,501,|
frame6|6|199,319,269,508,|388,300,436,421,|291,293,318,388,|468,297,502,439,|785,365,893,502,|142,318,156,371,|
frame7|6|200,316,268,506,|389,300,436,422,|142,315,156,370,|291,293,318,388,|468,296,502,440,|785,365,893,501,|
frame8|6|198,316,268,504,|389,300,436,422,|292,293,318,389,|143,314,157,369,|468,296,503,439,|785,367,893,499,|
frame9|6|198,314,268,503,|389,300,437,422,|291,293,317,390,|143,313,157,368,|469,296,503,439,|786,366,893,497,|
frame10|6|197,313,269,502,|389,301,437,422,|291,293,317,390,|469,296,504,439,|786,366,893,496,|142,312,156,367,|
frame11|5|197,312,270,503,|389,300,437,422,|291,293,317,390,|469,297,503,439,|786,366,893,496,|
frame12|5|196,312,269,503,|389,301,436,422,|469,296,504,439,|291,293,316,391,|788,366,893,495,|
frame13|5|196,311,269,503,|389,301,437,422,|469,296,505,439,|291,293,317,391,|787,367,893,496,|
frame14|5|194,311,269,502,|389,300,437,422,|291,293,317,391,|469,295,505,439,|787,367,893,496,|
frame15|6|194,312,269,503,|389,300,437,422,|292,293,317,391,|469,297,505,439,|787,367,893,495,|141,308,155,364,|
frame16|5|193,312,267,503,|389,300,438,423,|470,299,506,439,|291,293,317,390,|786,367,893,496,|
frame17|5|193,312,266,503,|389,300,438,423,|470,298,506,439,|291,293,318,390,|786,367,894,498,|
frame18|5|193,311,266,504,|389,300,439,423,|470,298,506,439,|291,294,318,390,|786,365,895,499,|
frame19|5|193,311,265,503,|389,300,439,423,|470,297,506,439,|291,293,319,390,|785,363,896,501,|
frame20|5|192,312,264,503,|390,300,439,423,|470,298,507,439,|292,293,319,390,|785,359,896,503,|
frame21|5|192,312,265,504,|390,300,439,423,|470,298,507,439,|292,293,319,390,|785,358,897,503,|
frame22|5|192,312,265,504,|390,300,439,423,|471,299,507,439,|292,293,319,390,|785,358,897,505,|
frame23|5|192,312,264,504,|390,300,438,423,|471,299,506,439,|291,293,318,391,|785,359,898,504,|
frame24|5|191,312,263,504,|390,301,438,423,|471,299,506,439,|291,294,317,391,|785,358,897,504,|
frame25|5|191,312,264,504,|391,302,438,422,|471,299,507,439,|785,357,898,503,|291,294,316,391,|
frame26|5|191,311,263,504,|391,303,438,422,|471,300,507,440,|785,358,897,505,|291,293,317,391,|
frame27|6|190,311,263,504,|470,299,507,440,|392,303,438,422,|785,360,897,506,|291,293,316,391,|134,306,150,363,|
frame28|6|190,311,263,504,|470,299,507,440,|392,304,437,422,|784,359,898,508,|291,293,316,391,|133,307,149,363,|
frame29|6|189,310,263,504,|470,299,507,440,|395,303,438,424,|784,359,898,510,|291,294,315,391,|133,307,149,363,|
frame30|5|189,310,263,504,|470,299,507,439,|395,303,437,423,|783,360,898,507,|291,294,315,391,|
frame31|5|190,310,263,503,|470,297,507,438,|395,302,437,424,|784,359,897,502,|291,293,315,391,|
frame32|5|191,311,263,503,|470,298,507,438,|395,302,436,424,|784,359,896,505,|291,293,315,391,|
frame33|5|190,311,263,503,|470,298,507,438,|391,302,434,422,|784,359,896,505,|291,293,315,391,|
frame34|6|190,311,263,503,|471,298,507,438,|397,301,437,424,|784,359,896,506,|291,293,315,390,|388,303,415,408,|
frame35|5|190,311,263,504,|471,298,507,438,|397,300,438,425,|784,359,896,505,|291,293,315,390,|
frame36|5|190,311,263,503,|471,297,507,438,|397,297,441,425,|783,359,896,506,|292,293,314,389,|
frame37|6|191,311,263,504,|471,297,507,437,|399,296,444,425,|783,359,897,506,|292,292,315,389,|389,299,424,411,|
frame38|6|191,311,263,503,|471,296,507,437,|784,359,896,506,|399,298,444,425,|292,293,315,389,|389,300,423,408,|
frame39|6|191,312,263,504,|471,296,507,437,|784,359,896,505,|400,299,443,424,|292,292,315,389,|389,301,421,408,|
frame40|6|191,311,263,505,|471,296,507,437,|784,359,895,506,|399,299,443,424,|292,292,315,389,|388,302,420,406,|
frame41|6|190,312,263,503,|784,358,896,506,|471,296,507,437,|396,298,443,425,|388,300,423,409,|292,292,315,388,|
frame42|5|190,313,263,501,|784,358,897,505,|471,297,507,437,|396,297,443,425,|292,293,314,389,|
frame43|6|189,312,262,500,|784,358,897,506,|470,295,507,437,|396,296,445,426,|292,293,314,389,|388,298,424,410,|
frame44|6|188,312,262,500,|784,359,897,506,|470,294,507,437,|397,296,449,426,|292,293,314,390,|388,298,422,410,|
frame45|6|188,313,261,498,|784,359,897,508,|470,295,507,437,|292,293,314,390,|395,296,452,426,|388,298,424,409,|
frame46|6|185,313,261,495,|786,358,897,507,|471,298,507,437,|291,293,314,391,|396,296,454,427,|388,296,426,409,|
frame47|6|184,314,260,494,|787,358,898,505,|471,297,506,436,|291,293,314,391,|396,295,454,427,|388,294,427,410,|
frame48|6|184,314,259,495,|787,358,897,504,|291,293,314,390,|471,297,506,436,|396,295,453,427,|388,293,428,411,|
frame49|5|183,314,257,494,|787,358,898,505,|291,293,314,390,|471,297,506,437,|398,296,453,427,|
frame50|6|182,317,257,495,|787,357,898,504,|291,293,315,390,|471,297,506,437,|398,296,453,426,|388,293,428,410,|
frame51|6|182,319,256,495,|787,357,897,502,|471,296,506,438,|291,293,316,389,|399,295,453,427,|388,293,429,411,|
frame52|6|181,320,256,496,|788,357,896,502,|471,297,506,438,|292,293,319,386,|402,296,455,427,|387,293,425,411,|
frame53|5|181,322,258,495,|787,357,897,504,|470,296,506,438,|292,292,320,389,|402,296,455,427,|
frame54|6|180,324,258,495,|787,357,896,503,|470,297,506,438,|291,292,317,389,|403,297,457,427,|321,311,344,346,|
frame55|7|179,325,256,494,|787,357,896,503,|470,298,506,438,|290,292,315,390,|405,297,458,427,|320,312,344,349,|386,292,424,410,|
frame56|7|179,327,258,495,|787,357,895,503,|470,298,506,438,|289,292,314,390,|406,296,459,427,|387,294,422,410,|320,312,343,351,|
frame57|8|179,329,256,492,|470,299,506,438,|788,357,896,503,|406,296,459,428,|387,294,422,412,|288,292,314,387,|124,337,141,386,|320,312,344,352,|
frame58|7|178,335,254,492,|470,299,506,438,|787,357,896,506,|407,298,459,427,|288,292,314,389,|386,295,422,411,|124,340,140,392,|
frame59|6|181,335,251,493,|470,299,507,438,|787,356,896,506,|408,300,459,427,|287,292,313,390,|386,296,421,410,|
frame60|6|177,341,249,491,|470,299,507,438,|787,356,896,507,|386,296,421,409,|409,298,460,428,|289,296,312,384,|
frame61|6|174,343,251,492,|470,298,507,438,|786,357,894,505,|289,297,312,384,|386,297,419,407,|408,297,459,428,|
frame62|6|174,343,250,492,|470,297,507,437,|786,357,894,505,|286,295,312,398,|386,296,418,409,|409,295,459,428,|
frame63|6|173,345,250,492,|470,297,507,437,|786,357,894,504,|287,295,313,398,|385,298,417,408,|409,296,459,427,|
frame64|6|171,347,250,492,|470,297,507,438,|786,357,894,504,|287,294,313,398,|385,304,412,407,|410,297,459,427,|
frame65|6|172,351,249,493,|470,297,507,438,|786,357,894,504,|385,304,413,407,|286,294,313,398,|410,298,459,427,|
frame66|6|172,351,248,493,|470,298,507,438,|385,303,413,407,|786,358,893,501,|286,293,313,397,|410,300,459,427,|
frame67|6|171,352,248,494,|470,298,507,438,|786,358,894,501,|385,302,412,407,|288,293,314,391,|410,299,459,427,|
frame68|6|171,352,247,493,|470,297,507,438,|787,359,895,499,|385,301,411,407,|288,293,313,392,|409,296,457,427,|
frame69|6|171,353,247,494,|470,298,507,438,|787,359,894,499,|384,299,411,408,|289,293,314,389,|401,291,452,425,|
frame70|6|171,354,246,494,|469,299,506,438,|788,359,894,499,|383,298,411,409,|289,293,314,389,|401,292,453,424,|
frame71|6|171,355,247,495,|469,298,506,438,|787,358,894,500,|289,294,314,388,|382,293,422,411,|399,292,451,424,|
frame72|6|170,356,247,496,|468,300,506,438,|788,359,893,499,|289,293,314,388,|382,292,425,411,|399,292,450,424,|
frame73|6|170,356,247,496,|468,300,506,437,|787,358,894,502,|289,293,314,388,|399,292,449,423,|381,292,428,412,|
frame74|6|170,355,247,496,|468,301,506,437,|787,358,894,500,|288,294,314,388,|379,294,413,410,|401,293,453,424,|
frame75|6|170,355,246,496,|468,302,505,437,|787,358,894,500,|289,294,314,388,|378,294,414,410,|403,294,455,424,|
frame76|6|169,355,246,495,|468,303,505,437,|787,360,894,502,|289,294,314,388,|378,296,413,408,|401,295,453,423,|
frame77|6|168,355,245,495,|468,302,504,436,|787,360,894,500,|289,293,313,388,|377,297,410,408,|402,295,451,424,|
frame78|6|170,354,244,495,|468,303,504,436,|787,360,894,502,|288,293,314,389,|377,297,410,409,|402,296,453,424,|
frame79|6|170,353,244,494,|468,303,504,436,|786,360,895,503,|288,293,314,390,|411,303,459,426,|377,298,409,409,|
frame80|6|169,351,245,494,|468,303,504,436,|787,360,895,502,|287,294,315,396,|376,300,410,410,|411,303,459,426,|
frame81|6|171,349,245,494,|468,304,504,435,|287,295,315,397,|787,360,895,501,|376,299,410,410,|411,303,459,426,|
frame82|6|173,348,246,494,|468,304,505,435,|787,360,895,502,|375,299,410,410,|289,293,314,391,|411,304,458,426,|
frame83|6|173,346,246,493,|468,304,504,435,|787,360,895,503,|375,298,411,410,|290,294,314,387,|411,305,458,426,|
frame84|6|171,344,247,495,|468,303,505,435,|786,360,896,504,|374,298,410,410,|292,296,314,375,|411,306,457,426,|
frame85|6|171,343,247,494,|468,303,505,434,|786,360,895,505,|374,299,410,410,|411,306,457,427,|292,297,314,370,|
frame86|6|170,342,246,493,|468,303,505,435,|786,360,895,504,|374,300,408,409,|410,306,456,427,|292,297,314,370,|
frame87|6|167,337,248,494,|468,303,505,434,|786,360,895,504,|373,301,406,409,|410,304,456,427,|292,297,313,370,|
frame88|6|165,334,250,496,|468,304,505,434,|786,360,896,505,|409,303,456,427,|373,301,405,409,|292,296,314,367,|
frame89|5|169,330,249,493,|468,304,505,435,|786,360,895,505,|409,302,456,427,|373,300,405,410,|
frame90|5|169,328,247,492,|468,304,505,434,|787,360,895,503,|410,302,457,427,|373,300,406,410,|
frame91|6|165,327,248,494,|468,305,505,434,|786,360,897,505,|410,302,458,427,|373,298,407,411,|320,317,344,353,|
frame92|6|162,325,248,496,|468,305,505,433,|787,360,896,503,|410,302,458,427,|373,299,407,411,|320,316,344,353,|
frame93|6|161,322,247,490,|468,305,505,432,|787,360,896,502,|406,296,453,427,|372,300,406,411,|321,315,344,350,|
frame94|6|160,321,246,488,|468,305,505,433,|787,360,896,505,|405,294,452,427,|372,298,407,412,|321,315,344,349,|
frame95|6|164,319,244,486,|469,305,505,433,|787,359,895,504,|372,298,408,413,|406,295,454,427,|320,315,343,350,|
frame96|6|168,315,240,488,|787,360,896,503,|468,305,505,434,|409,299,460,427,|372,297,409,413,|320,314,343,349,|
frame97|6|169,312,239,489,|787,359,895,504,|468,306,504,433,|409,299,461,427,|373,300,410,413,|320,313,343,349,|
frame98|6|166,312,238,489,|787,359,896,505,|410,298,461,427,|373,299,411,413,|469,305,504,431,|321,313,343,349,|
frame99|6|168,310,238,490,|787,359,895,504,|409,298,459,427,|373,300,411,413,|469,305,504,432,|321,313,344,350,|
frame100|6|169,309,238,490,|787,359,895,506,|405,292,454,427,|373,301,410,412,|469,303,503,433,|321,313,344,351,|
frame101|6|167,309,239,490,|787,359,895,506,|408,296,458,427,|373,301,410,412,|469,303,503,432,|320,313,344,352,|
frame102|6|167,308,239,489,|787,359,895,506,|407,295,457,427,|373,302,408,412,|469,303,503,432,|320,313,344,353,|
frame103|6|167,308,240,489,|787,359,896,507,|408,296,458,427,|469,303,503,433,|374,302,407,412,|320,314,344,354,|
frame104|5|167,307,240,490,|787,359,896,505,|408,296,458,427,|469,302,503,433,|374,302,407,410,|
frame105|5|169,306,241,490,|787,359,895,505,|408,296,457,427,|469,302,503,433,|374,302,407,409,|
frame106|5|170,306,242,490,|787,359,893,505,|409,298,457,427,|469,301,503,433,|374,302,408,409,|
frame107|5|170,306,242,490,|787,359,894,501,|409,298,459,427,|374,301,409,409,|469,302,503,433,|
frame108|5|170,306,243,490,|787,359,894,503,|409,298,460,427,|374,300,410,408,|469,302,503,434,|
frame109|6|170,307,245,489,|788,359,895,503,|409,299,460,427,|374,300,410,409,|469,302,503,434,|319,311,344,352,|
frame110|6|170,307,247,489,|788,359,896,502,|410,300,460,426,|374,300,410,409,|469,302,503,433,|319,312,344,355,|
frame111|6|169,307,249,489,|788,359,897,502,|411,301,461,426,|469,303,503,433,|374,299,410,408,|319,312,344,355,|
frame112|6|169,307,249,489,|788,359,896,501,|411,300,461,427,|375,299,409,408,|469,302,502,434,|319,312,344,356,|
frame113|5|170,308,249,489,|789,359,897,500,|411,299,460,427,|375,299,409,408,|319,312,344,356,|
frame114|5|170,309,249,489,|789,358,895,499,|410,299,460,427,|374,300,407,408,|319,311,344,356,|
frame115|5|170,308,250,489,|788,358,894,501,|410,299,459,427,|319,311,344,355,|470,300,502,434,|
frame116|5|170,308,251,489,|789,358,895,500,|410,296,458,427,|375,299,408,409,|319,311,344,356,|
frame117|5|169,308,251,489,|790,358,893,499,|410,296,458,428,|375,299,408,409,|319,311,344,357,|
frame118|5|169,308,251,489,|791,358,892,498,|410,296,457,428,|375,297,408,411,|318,312,344,358,|
frame119|4|170,308,251,489,|790,359,891,495,|409,296,456,427,|375,297,408,410,|
frame120|5|170,308,251,489,|790,358,890,495,|410,296,456,427,|375,298,407,409,|319,312,344,356,|
frame121|5|170,309,250,489,|789,359,890,496,|409,293,455,427,|318,311,344,356,|375,295,409,410,|
frame122|4|171,309,250,489,|789,359,889,496,|409,294,455,427,|318,311,344,355,|
frame123|4|171,309,249,489,|787,359,889,497,|410,294,455,427,|318,311,344,355,|
frame124|4|171,309,249,489,|788,359,889,495,|410,294,454,426,|318,313,344,355,|
frame125|4|170,310,249,489,|787,360,888,496,|410,294,454,426,|318,313,344,354,|
frame126|4|169,310,249,489,|787,360,890,497,|410,295,454,426,|319,313,344,355,|
frame127|4|169,310,249,489,|788,362,886,498,|410,293,454,426,|319,313,344,354,|
frame128|4|169,310,248,489,|788,362,888,500,|410,293,455,427,|319,312,344,353,|
frame129|4|169,309,248,489,|788,360,891,498,|409,293,454,427,|319,312,344,353,|
frame130|4|169,309,247,489,|787,361,890,499,|409,293,454,426,|319,312,344,353,|
frame131|4|170,309,246,489,|788,362,886,497,|409,293,453,426,|319,312,344,353,|
frame132|4|170,308,245,489,|788,361,882,499,|409,293,453,426,|319,312,344,353,|
frame133|4|169,308,244,489,|787,361,876,498,|409,294,453,426,|319,311,344,352,|
frame134|4|169,309,244,489,|786,362,875,497,|408,293,453,426,|320,311,343,352,|
frame135|4|169,308,243,489,|787,362,875,496,|409,293,454,426,|320,311,343,352,|
frame136|4|169,309,242,490,|787,362,883,497,|408,293,452,425,|470,301,504,434,|
frame137|4|170,309,241,490,|787,362,885,498,|406,292,450,426,|470,301,503,434,|
frame138|5|169,309,239,489,|787,364,893,500,|406,292,449,426,|470,301,504,434,|324,317,349,348,|
frame139|5|169,312,236,485,|788,364,901,502,|406,292,449,425,|470,301,503,434,|321,313,343,349,|
frame140|5|169,312,234,486,|789,363,902,504,|406,292,449,425,|470,301,503,433,|324,318,349,348,|
frame141|5|169,312,234,486,|789,363,902,504,|406,292,448,424,|469,300,503,433,|321,313,343,349,|
frame142|5|169,313,232,483,|789,362,902,505,|407,293,448,424,|295,335,321,391,|321,313,343,349,|
frame143|4|169,313,231,483,|790,361,903,505,|407,293,448,424,|295,335,321,391,|
frame144|5|169,314,231,484,|789,361,904,508,|407,293,448,424,|294,337,320,391,|320,312,343,349,|
frame145|4|168,315,232,484,|790,361,904,506,|407,294,448,424,|294,337,321,391,|
frame146|4|169,315,231,484,|790,361,904,507,|408,295,448,423,|294,331,321,390,|
frame147|4|168,316,229,483,|789,362,904,508,|411,306,445,425,|295,338,321,391,|
frame148|5|171,316,224,484,|789,362,903,510,|411,308,445,425,|294,336,321,391,|320,313,343,348,|
frame149|5|171,318,226,484,|790,362,903,507,|411,312,445,425,|381,309,411,414,|320,313,343,349,|
frame150|5|168,320,237,485,|789,362,904,509,|411,313,445,425,|380,315,411,412,|294,347,320,391,|
frame151|4|168,323,236,478,|789,361,904,512,|411,310,446,426,|325,316,350,350,|
frame152|6|166,328,232,475,|788,362,904,514,|411,309,446,426,|324,316,350,351,|381,318,410,412,|292,353,319,391,|
frame153|6|168,327,233,484,|788,362,904,513,|411,308,445,426,|292,354,319,392,|381,319,410,412,|324,316,350,351,|
frame154|3|169,328,235,485,|789,362,904,512,|411,308,445,426,|
frame155|5|169,330,243,485,|789,362,904,512,|411,307,445,426,|291,296,317,387,|323,317,349,352,|
frame156|5|167,332,242,486,|789,362,904,510,|410,307,446,426,|291,295,317,390,|323,317,349,352,|
frame157|5|168,334,241,486,|789,362,904,511,|410,307,445,426,|291,296,318,391,|323,317,349,352,|
frame158|5|172,337,237,486,|789,362,904,510,|410,306,445,426,|292,296,313,368,|323,317,349,353,|
frame159|5|172,338,236,486,|790,362,905,510,|410,306,445,426,|292,297,313,371,|323,317,350,353,|
frame160|5|172,338,235,485,|790,362,905,510,|410,305,445,426,|292,297,314,373,|469,302,503,433,|
frame161|5|171,340,239,486,|790,362,905,509,|410,305,445,426,|291,296,314,381,|469,302,503,432,|
frame162|6|171,341,238,486,|790,362,905,510,|410,305,446,425,|291,296,314,384,|469,303,503,433,|386,308,419,418,|
frame163|6|172,342,238,486,|789,362,904,510,|410,305,446,425,|291,296,314,383,|469,302,503,433,|386,308,420,418,|
frame164|7|172,343,239,486,|789,362,905,512,|410,306,446,425,|469,302,503,433,|291,295,314,386,|385,305,421,423,|126,352,139,400,|
frame165|6|173,345,238,485,|790,363,904,509,|411,306,446,426,|469,302,503,433,|291,296,314,384,|385,309,418,418,|
frame166|6|174,346,235,486,|790,363,904,505,|469,300,504,434,|410,306,445,426,|291,295,314,386,|386,308,418,418,|
frame167|6|173,347,234,486,|790,364,904,504,|469,301,504,435,|410,306,445,426,|291,295,314,384,|386,308,419,418,|
frame168|5|173,348,235,486,|790,363,904,505,|469,302,504,435,|410,306,445,426,|291,295,314,385,|
frame169|5|173,351,237,493,|790,364,904,504,|410,305,445,426,|291,291,315,382,|469,300,504,435,|
frame170|5|174,351,237,492,|790,364,904,503,|410,306,444,426,|291,291,315,382,|469,300,504,435,|
frame171|5|174,352,238,492,|790,365,904,504,|410,306,444,426,|469,301,504,435,|291,295,314,384,|
frame172|6|173,352,238,494,|791,364,903,503,|469,302,504,436,|410,307,444,425,|291,295,314,384,|386,306,422,423,|
frame173|6|173,352,238,494,|790,364,903,505,|469,302,505,436,|410,306,444,425,|291,296,314,384,|385,306,421,423,|
frame174|6|173,351,237,493,|790,365,903,503,|468,302,505,437,|410,307,444,425,|291,296,314,383,|386,306,422,422,|
frame175|6|173,350,236,493,|790,364,903,505,|468,302,505,436,|410,306,444,425,|291,295,314,384,|385,307,421,422,|
frame176|6|172,347,235,487,|790,364,904,504,|468,302,505,436,|409,306,445,426,|291,295,314,385,|125,352,139,400,|
frame177|5|172,346,236,487,|790,364,904,504,|468,302,505,436,|409,305,445,426,|291,295,314,386,|
frame178|7|172,345,238,487,|790,364,904,503,|468,302,505,437,|409,305,445,426,|291,295,314,385,|125,349,140,400,|387,308,419,420,|
frame179|8|173,344,238,487,|791,364,904,501,|468,302,505,437,|291,296,314,384,|409,305,445,426,|125,347,140,398,|387,308,419,419,|326,316,350,352,|
frame180|8|173,342,238,487,|791,363,904,502,|468,303,505,437,|409,305,445,426,|291,296,314,385,|387,308,420,419,|125,347,139,396,|326,317,350,353,|
frame181|7|172,340,236,486,|790,363,904,504,|468,303,504,437,|409,302,445,426,|291,295,314,386,|388,306,420,419,|327,317,350,352,|
frame182|8|174,338,234,486,|790,363,904,504,|468,303,505,437,|409,302,445,426,|292,296,314,382,|388,306,421,419,|124,342,140,393,|326,317,350,352,|
frame183|8|174,339,236,486,|789,363,904,505,|469,305,505,436,|409,302,445,426,|292,295,314,379,|124,341,140,389,|388,305,422,420,|326,317,350,352,|
frame184|7|173,336,240,488,|789,362,904,508,|468,305,506,436,|409,303,445,425,|291,294,316,388,|124,340,140,386,|387,306,420,419,|
frame185|6|174,334,237,488,|789,363,904,508,|468,305,506,435,|409,302,445,425,|291,294,317,390,|388,306,421,419,|
frame186|6|175,333,233,487,|789,363,904,506,|469,305,506,436,|409,302,445,425,|291,294,317,388,|385,307,420,422,|
frame187|5|174,331,238,488,|790,363,904,506,|469,304,506,436,|408,301,445,424,|291,295,317,387,|
frame188|5|173,328,238,489,|790,363,904,505,|469,304,506,436,|408,302,445,424,|292,353,319,391,|
frame189|5|172,327,238,490,|790,364,904,503,|469,303,506,437,|408,301,444,424,|293,353,319,391,|
frame190|5|172,325,238,489,|790,364,904,503,|469,303,506,437,|409,302,444,423,|293,352,320,391,|
frame191|5|173,322,242,488,|790,363,903,504,|469,303,506,437,|409,302,444,424,|293,350,320,390,|
frame192|4|173,321,241,487,|790,363,904,504,|469,304,506,437,|409,302,444,424,|
frame193|5|174,318,240,486,|790,363,904,503,|469,303,506,436,|408,303,444,423,|294,340,322,392,|
frame194|5|174,316,241,485,|790,363,903,503,|469,303,506,436,|408,302,444,423,|295,336,324,392,|
frame195|5|174,314,242,482,|790,363,904,502,|469,303,506,436,|408,302,445,423,|296,329,328,390,|
frame196|5|175,312,243,479,|789,363,904,503,|407,302,444,422,|469,301,505,436,|297,327,329,391,|
frame197|5|174,311,243,478,|790,361,904,502,|407,302,444,422,|468,302,505,436,|297,332,328,382,|
frame198|5|172,311,245,479,|790,362,904,504,|407,301,444,423,|469,302,506,436,|297,316,330,391,|
frame199|5|171,310,246,478,|790,362,904,503,|407,300,444,423,|468,301,506,436,|295,302,328,392,|
frame200|5|170,310,247,479,|790,362,904,505,|406,300,444,424,|469,300,505,436,|295,300,328,392,|
frame201|5|170,309,246,476,|790,362,904,505,|406,300,444,424,|468,300,505,437,|294,297,328,392,|
frame202|5|168,308,245,477,|790,362,904,503,|406,299,444,424,|468,299,505,437,|293,295,325,392,|
frame203|5|168,308,244,477,|790,362,904,504,|406,300,444,424,|468,299,505,437,|293,295,324,391,|
frame204|5|167,307,243,477,|790,362,904,505,|406,299,444,425,|468,300,505,437,|294,296,325,392,|
frame205|6|167,307,241,477,|790,362,904,504,|406,299,445,425,|469,300,505,437,|294,298,328,391,|322,315,349,351,|
frame206|6|167,307,240,477,|790,362,904,506,|406,298,445,425,|469,299,505,437,|295,298,329,391,|322,315,349,351,|
frame207|6|167,307,236,476,|790,362,904,504,|405,298,444,426,|469,299,505,436,|295,299,330,391,|322,315,349,352,|
frame208|6|167,307,234,476,|790,362,904,506,|406,297,444,425,|469,299,506,437,|295,299,329,391,|322,315,349,351,|
frame209|5|166,308,231,476,|790,362,904,505,|406,298,444,425,|469,298,505,437,|294,299,327,391,|
frame210|5|166,307,230,476,|790,362,904,505,|406,298,444,425,|469,299,505,437,|295,299,328,391,|
frame211|7|165,307,229,476,|789,361,904,507,|400,299,447,424,|470,299,507,437,|294,299,327,390,|384,299,427,414,|323,316,349,352,|
frame212|6|165,307,229,476,|789,360,904,505,|400,299,446,424,|470,299,507,437,|294,300,329,390,|384,301,426,414,|
frame213|7|164,307,230,476,|789,361,904,504,|470,298,507,437,|401,299,447,424,|294,300,329,390,|386,300,427,420,|323,316,350,352,|
frame214|7|164,308,231,476,|789,361,904,503,|401,299,446,424,|470,298,507,437,|293,297,324,390,|386,302,424,419,|323,316,349,352,|
frame215|6|163,309,230,477,|789,361,902,508,|401,297,446,424,|470,298,508,437,|293,296,323,391,|384,301,425,412,|
frame216|6|162,309,231,477,|789,361,901,508,|401,297,446,424,|470,298,507,437,|293,295,322,391,|384,301,425,412,|
frame217|6|163,308,231,477,|406,295,443,425,|789,361,901,505,|470,299,507,437,|293,295,321,391,|384,301,424,411,|
frame218|6|163,308,231,477,|406,294,443,425,|789,361,900,505,|470,298,507,437,|292,294,320,391,|384,300,421,411,|
frame219|5|162,308,231,476,|406,294,442,425,|789,361,899,504,|470,298,507,436,|292,294,320,390,|
frame220|5|163,308,231,476,|406,294,442,425,|789,362,899,503,|470,297,506,436,|292,294,319,391,|
frame221|5|163,308,231,477,|789,361,900,504,|407,295,442,426,|470,297,506,436,|292,294,319,391,|
frame222|5|162,309,230,477,|407,297,442,425,|470,298,507,437,|789,362,899,505,|292,293,318,391,|
frame223|5|162,308,230,477,|407,297,441,425,|790,363,899,503,|470,297,507,437,|292,294,319,391,|
frame224|5|163,308,230,477,|406,298,441,426,|470,299,507,438,|790,363,898,504,|292,294,319,391,|
frame225|5|163,308,230,477,|470,298,507,438,|407,296,441,426,|790,363,894,500,|292,294,319,391,|
frame226|6|163,308,229,478,|790,365,897,501,|406,298,441,427,|470,300,507,436,|292,295,321,391,|321,316,348,353,|
frame227|6|163,308,229,478,|406,298,441,427,|790,365,899,501,|470,300,507,436,|293,295,321,391,|321,316,348,352,|
frame228|5|163,308,229,478,|406,299,441,426,|789,365,898,502,|470,300,507,437,|292,294,320,391,|
frame229|6|163,308,230,478,|406,299,441,426,|790,365,898,503,|470,301,507,437,|293,295,321,391,|322,316,349,352,|
frame230|6|162,308,230,477,|406,298,441,427,|789,365,898,503,|470,302,507,437,|293,295,324,391,|322,316,349,352,|
frame231|6|162,309,230,477,|406,298,440,426,|790,366,896,501,|470,302,507,436,|293,296,325,391,|322,316,349,353,|
frame232|6|162,309,230,477,|406,298,440,427,|790,365,897,502,|470,303,507,435,|293,297,325,391,|322,316,349,353,|
frame233|6|162,309,230,477,|406,297,441,423,|790,365,898,503,|470,303,506,436,|293,296,326,391,|322,316,349,353,|
frame234|6|162,309,230,477,|406,297,441,423,|790,365,898,502,|470,304,506,436,|293,296,325,391,|321,316,348,353,|
frame235|6|162,310,229,477,|789,365,898,504,|406,296,441,424,|470,304,506,436,|293,296,325,390,|318,313,344,362,|
frame236|6|163,309,229,477,|406,296,441,424,|789,365,898,504,|470,304,505,436,|293,296,325,390,|322,316,348,354,|
frame237|6|163,310,229,477,|406,296,441,423,|790,365,899,505,|470,306,505,435,|294,297,327,390,|317,313,344,363,|
frame238|6|163,309,229,477,|789,365,899,503,|406,297,441,424,|470,307,504,435,|293,297,326,390,|318,314,344,362,|
frame239|6|163,309,230,478,|789,365,900,503,|405,297,441,423,|470,307,504,434,|293,297,326,390,|318,313,344,362,|
frame240|6|163,310,230,478,|789,364,901,503,|405,297,441,423,|470,308,504,434,|293,296,325,391,|322,316,348,353,|
frame241|6|164,309,230,479,|790,361,903,506,|406,297,441,423,|471,307,503,435,|294,296,325,390,|323,316,349,354,|
frame242|6|164,309,231,480,|790,361,902,505,|406,297,441,423,|471,307,502,434,|294,297,327,390,|324,316,350,354,|
frame243|6|164,310,230,480,|790,361,903,505,|406,297,441,423,|471,307,502,435,|294,298,328,389,|324,316,350,354,|
frame244|6|164,310,230,478,|790,360,902,507,|405,297,441,423,|471,307,502,434,|294,297,327,389,|323,316,350,354,|
frame245|6|165,311,229,478,|790,360,902,507,|405,297,441,423,|470,307,502,435,|295,298,329,389,|324,316,350,353,|
frame246|7|165,311,229,478,|790,360,902,507,|405,297,441,423,|470,307,502,435,|294,297,328,388,|323,316,350,354,|384,305,411,409,|
frame247|6|166,312,229,477,|790,360,902,508,|405,297,441,423,|470,306,501,437,|294,297,327,388,|323,317,350,354,|
frame248|7|166,312,228,475,|790,360,902,507,|405,297,439,425,|470,307,502,437,|294,297,325,388,|323,316,349,354,|384,305,411,409,|
frame249|6|165,312,228,475,|790,361,902,508,|405,297,439,425,|469,305,500,437,|294,296,324,388,|323,316,349,353,|
frame250|7|165,313,228,472,|790,361,902,508,|405,296,439,425,|469,305,500,439,|294,296,324,388,|324,316,350,353,|383,305,411,409,|
frame251|7|164,314,228,471,|790,361,902,508,|405,296,439,425,|469,304,501,439,|293,294,320,389,|384,305,411,409,|324,316,350,353,|
frame252|7|164,316,229,472,|790,361,902,508,|469,305,501,439,|405,295,441,423,|292,294,319,390,|324,316,349,353,|383,305,411,409,|
frame253|7|165,317,229,472,|790,361,902,505,|405,295,441,423,|469,305,501,439,|292,293,318,391,|324,317,349,353,|383,305,411,409,|
frame254|7|166,319,228,472,|790,361,902,507,|405,295,441,423,|470,305,500,437,|292,293,319,391,|324,317,349,353,|383,305,411,409,|
frame255|6|166,319,227,473,|790,360,902,508,|404,294,442,423,|469,304,501,438,|292,292,319,392,|319,316,345,361,|
frame256|6|165,321,226,475,|791,360,902,500,|404,295,441,423,|291,292,318,391,|469,301,502,438,|322,317,349,354,|
frame257|6|164,324,226,475,|791,361,902,500,|404,293,441,424,|469,300,503,440,|291,292,318,391,|323,317,349,354,|
frame258|6|162,327,225,476,|791,360,902,500,|291,291,318,391,|404,292,442,423,|468,298,503,440,|323,317,349,354,|
frame259|6|163,327,225,476,|791,360,902,500,|404,292,441,424,|291,292,318,391,|468,300,504,440,|319,316,344,361,|
frame260|5|160,329,226,475,|791,360,902,500,|291,292,318,391,|404,292,442,423,|468,299,504,439,|
frame261|5|157,330,224,474,|791,361,902,501,|291,292,318,391,|404,292,441,423,|468,299,504,438,|
frame262|5|158,331,223,474,|791,361,902,500,|291,292,317,391,|404,292,441,424,|469,298,505,439,|
frame263|5|160,332,222,475,|791,361,902,500,|404,292,441,423,|291,292,318,391,|469,299,505,440,|
frame264|5|157,334,220,476,|791,362,902,500,|404,294,440,423,|469,300,506,440,|291,292,318,391,|
frame265|5|156,337,221,478,|791,361,902,500,|404,294,440,423,|291,292,317,391,|470,300,506,440,|
frame266|6|157,341,220,478,|791,361,902,499,|404,294,440,423,|471,301,507,440,|291,292,317,391,|318,315,344,361,|
frame267|6|156,343,220,478,|791,361,902,500,|471,300,507,440,|404,294,440,423,|291,292,317,391,|318,316,344,361,|
frame268|6|157,339,219,481,|791,360,902,500,|471,299,508,439,|403,294,441,424,|291,292,317,391,|319,316,344,361,|
frame269|6|156,341,218,481,|791,361,902,500,|404,294,440,424,|471,300,508,439,|291,292,316,391,|319,315,344,360,|
frame270|6|156,342,218,481,|790,361,902,501,|403,295,441,424,|473,299,508,438,|291,292,316,391,|319,315,344,360,|
frame271|5|155,343,218,481,|790,360,903,504,|474,298,509,439,|404,294,441,424,|291,292,316,392,|
frame272|6|155,343,218,481,|789,360,902,507,|474,300,509,440,|405,294,441,424,|291,292,315,391,|320,316,344,361,|
frame273|7|155,344,218,481,|790,360,903,505,|474,299,509,439,|405,294,441,423,|291,292,315,392,|384,305,412,410,|324,317,349,354,|
frame274|6|155,345,218,480,|789,360,903,508,|474,299,508,438,|405,293,441,423,|291,292,315,392,|325,317,350,354,|
frame275|6|155,345,219,480,|789,360,903,506,|474,298,508,437,|405,294,441,423,|291,292,315,392,|326,317,350,354,|
frame276|6|155,345,219,479,|789,360,903,507,|475,297,508,437,|291,293,315,392,|405,293,441,423,|326,318,350,354,|
frame277|5|155,346,219,480,|789,360,903,506,|475,296,508,437,|291,292,315,392,|405,293,441,423,|
frame278|5|154,346,219,480,|789,360,903,509,|475,297,508,437,|291,292,315,392,|405,294,441,423,|
frame279|5|154,346,219,480,|789,360,903,507,|475,298,509,438,|291,292,315,392,|405,293,441,423,|
frame280|5|155,345,219,480,|789,360,903,505,|475,297,509,438,|291,292,315,392,|405,294,441,423,|
frame281|5|155,345,219,480,|789,360,903,509,|475,296,509,439,|291,292,315,392,|405,294,441,423,|
frame282|5|155,344,218,480,|789,360,903,508,|476,296,508,438,|291,292,315,392,|405,294,441,423,|
frame283|5|156,343,218,480,|789,360,902,510,|291,292,315,391,|476,295,508,434,|404,294,440,423,|
frame284|5|157,342,218,481,|789,360,902,508,|291,292,315,391,|476,295,508,433,|404,295,440,423,|
frame285|5|158,342,218,481,|789,360,902,507,|291,292,315,391,|405,295,440,423,|476,295,507,434,|
frame286|5|158,339,218,480,|789,360,903,511,|291,292,316,390,|407,295,437,409,|477,291,506,436,|
frame287|5|158,343,218,477,|789,360,902,509,|291,292,316,390,|407,296,437,409,|477,290,507,438,|
frame288|5|159,340,217,476,|789,360,903,510,|291,292,316,390,|477,291,507,438,|407,295,437,408,|
frame289|6|156,337,217,477,|789,360,903,511,|291,292,317,390,|402,293,442,423,|477,292,506,438,|386,302,427,422,|
frame290|5|153,336,218,474,|789,360,903,513,|291,292,317,390,|403,293,442,423,|478,293,506,438,|
frame291|5|149,336,218,475,|789,360,903,514,|291,292,317,390,|402,294,441,423,|478,294,506,437,|
frame292|5|145,333,218,473,|789,360,903,511,|291,291,317,391,|402,295,441,423,|478,295,506,438,|
frame293|5|151,329,218,475,|789,360,902,512,|402,297,440,423,|291,291,317,391,|479,296,506,435,|
frame294|5|155,325,218,475,|789,360,903,512,|402,297,440,422,|291,291,317,391,|479,297,506,435,|
frame295|5|155,324,216,473,|789,360,903,515,|401,297,439,422,|291,291,317,392,|479,297,506,435,|
frame296|5|155,322,215,472,|789,360,903,514,|400,298,439,421,|291,291,317,392,|481,295,507,431,|
frame297|5|157,321,214,472,|789,360,902,514,|291,291,317,392,|400,297,439,422,|481,295,507,430,|
frame298|5|158,320,213,469,|789,360,902,510,|399,297,439,422,|291,291,317,392,|479,298,506,434,|
frame299|5|153,319,213,469,|789,361,902,506,|290,291,317,392,|402,297,439,425,|479,298,506,433,|
frame300|5|148,316,213,468,|789,360,902,506,|401,297,439,424,|290,291,317,392,|479,297,506,434,|
frame301|5|151,314,215,468,|789,359,902,510,|401,296,439,425,|291,292,316,392,|479,299,507,435,|
frame302|5|153,311,216,467,|789,360,902,510,|400,296,439,425,|291,292,316,392,|478,300,507,437,|
frame303|5|154,309,216,467,|788,359,902,511,|400,296,439,425,|290,292,316,392,|479,300,507,435,|
frame304|5|155,307,216,468,|789,360,902,509,|400,296,439,426,|290,292,317,392,|479,300,507,434,|
frame305|5|156,306,216,467,|788,359,902,509,|400,296,439,426,|290,292,316,392,|478,300,507,435,|
frame306|5|157,305,217,468,|789,359,902,509,|399,296,440,427,|290,292,317,392,|478,299,507,436,|
frame307|5|158,305,218,468,|789,359,902,510,|399,296,439,427,|290,292,317,392,|478,298,507,437,|
frame308|5|157,305,220,467,|789,360,902,507,|400,296,439,426,|290,292,316,392,|478,299,507,437,|
frame309|5|157,306,220,467,|789,359,902,505,|400,297,439,426,|290,292,316,392,|478,299,507,438,|
frame310|5|158,306,220,466,|789,359,902,508,|397,300,438,425,|290,292,316,392,|478,300,507,438,|
frame311|5|158,306,220,466,|789,359,902,507,|401,298,438,424,|290,292,316,392,|478,301,507,438,|
frame312|5|158,306,221,465,|789,359,902,504,|401,297,438,425,|290,292,316,392,|478,300,507,438,|
frame313|5|159,306,221,464,|789,360,902,505,|401,297,438,425,|290,292,317,392,|478,298,507,438,|
frame314|5|159,306,221,465,|789,359,902,505,|401,297,438,425,|290,292,317,392,|478,299,507,439,|
frame315|5|159,306,221,465,|790,359,902,505,|401,297,438,425,|290,292,317,392,|478,298,507,439,|
frame316|6|159,306,221,465,|790,359,902,507,|401,299,438,424,|290,292,317,392,|478,297,508,440,|383,310,411,419,|
frame317|6|159,306,221,465,|790,360,902,505,|396,299,438,425,|290,292,317,393,|478,297,508,440,|383,308,412,419,|
frame318|6|159,306,220,465,|789,360,902,507,|402,297,438,425,|290,292,317,393,|478,297,508,440,|384,311,411,420,|
frame319|6|159,306,220,464,|790,359,902,505,|398,297,439,425,|290,292,317,392,|478,296,508,439,|384,311,411,420,|
frame320|5|158,306,220,464,|789,360,902,505,|398,298,439,425,|290,292,317,393,|478,295,508,440,|
frame321|6|157,306,220,464,|789,360,902,506,|397,299,437,424,|290,292,316,392,|478,297,508,440,|383,308,411,420,|
frame322|5|157,305,219,465,|789,360,902,506,|397,300,437,424,|290,293,316,392,|478,299,508,441,|
frame323|5|157,305,219,465,|789,359,902,504,|397,300,437,424,|290,293,317,392,|478,298,508,441,|
frame324|5|157,304,218,465,|789,360,902,504,|396,300,437,424,|290,293,316,392,|478,298,508,441,|
frame325|5|156,303,218,465,|789,359,902,504,|396,300,436,424,|290,293,316,392,|478,299,508,440,|
frame326|5|155,303,217,466,|789,359,902,504,|395,300,436,424,|290,293,316,392,|478,299,508,440,|
frame327|5|155,303,216,466,|790,359,902,503,|395,301,435,424,|290,293,316,392,|478,299,508,439,|
frame328|5|153,304,216,467,|789,359,902,505,|395,300,435,424,|290,293,316,392,|478,301,508,440,|
frame329|5|154,305,216,466,|789,359,902,504,|395,300,435,424,|290,293,316,392,|478,301,508,440,|
frame330|5|154,305,215,466,|790,359,902,504,|395,299,435,424,|290,293,316,392,|478,302,508,441,|
frame331|7|153,306,215,467,|790,360,902,503,|394,301,435,425,|290,293,316,391,|478,305,508,435,|383,308,410,421,|593,349,630,449,|
frame332|5|152,306,214,467,|790,360,902,503,|393,301,435,425,|290,293,316,391,|478,304,508,436,|
frame333|7|151,307,214,467,|790,360,902,502,|393,302,434,425,|290,293,316,391,|478,305,508,435,|593,349,630,449,|383,308,410,421,|
frame334|6|151,307,213,466,|790,361,902,503,|394,302,434,424,|290,293,316,391,|478,304,508,437,|593,350,629,449,|
frame335|5|152,308,213,465,|395,303,434,424,|790,360,902,504,|290,293,316,391,|478,305,508,436,|
frame336|6|151,309,212,463,|395,304,434,424,|790,360,901,503,|290,293,316,391,|478,303,508,438,|593,350,630,449,|
frame337|6|151,309,212,462,|394,307,434,425,|790,360,902,503,|290,293,316,391,|478,302,508,439,|592,350,630,449,|
frame338|7|151,309,212,461,|394,307,433,425,|790,360,902,504,|290,293,315,391,|478,301,509,440,|593,350,630,449,|383,311,410,421,|
frame339|6|150,309,212,461,|394,308,433,424,|790,360,902,504,|290,293,315,391,|478,300,509,441,|593,350,630,449,|
frame340|6|150,310,213,461,|393,308,433,425,|789,360,902,504,|477,300,509,441,|290,292,315,391,|593,350,630,449,|
frame341|5|148,311,214,460,|393,308,433,424,|789,360,902,505,|290,292,315,391,|477,301,509,440,|
frame342|6|148,311,214,461,|393,309,433,425,|790,360,902,505,|290,292,315,392,|477,303,509,439,|592,350,630,449,|
frame343|6|149,312,214,461,|393,310,433,425,|790,360,901,503,|290,292,315,391,|476,302,509,439,|593,350,630,449,|
frame344|6|149,311,212,461,|392,310,433,425,|790,361,902,502,|476,302,509,441,|290,292,316,391,|593,350,630,449,|
frame345|6|148,313,212,460,|393,310,433,424,|790,361,902,502,|290,292,315,391,|476,303,508,439,|593,350,630,449,|
frame346|5|150,314,212,460,|393,310,432,424,|789,362,901,505,|475,304,509,437,|290,292,315,391,|
frame347|5|155,315,210,459,|392,310,432,424,|789,361,902,509,|475,305,509,437,|290,292,316,391,|
frame348|5|156,317,210,459,|392,309,433,424,|789,361,901,509,|475,304,508,437,|290,292,316,392,|
frame349|5|156,319,211,460,|391,310,433,424,|789,362,901,508,|473,302,508,438,|290,292,316,392,|
frame350|5|155,320,210,460,|391,310,433,423,|473,301,510,440,|789,362,901,509,|290,292,315,392,|
frame351|5|155,321,210,465,|391,310,433,423,|789,362,900,508,|472,306,509,440,|291,292,316,392,|
frame352|5|153,322,209,466,|390,309,434,423,|789,362,901,508,|470,304,509,443,|291,292,317,392,|
frame353|5|149,325,212,466,|388,308,433,422,|789,363,901,505,|471,308,508,440,|291,292,316,392,|
frame354|6|152,328,209,465,|388,307,433,422,|789,363,901,507,|470,309,508,440,|291,292,316,392,|541,319,568,392,|
frame355|6|153,331,209,464,|388,306,433,422,|467,304,509,441,|789,363,901,507,|290,293,316,391,|541,319,568,392,|
frame356|6|153,333,209,465,|388,305,432,420,|466,306,509,440,|789,363,901,506,|290,292,316,391,|542,319,567,391,|
frame357|6|155,333,209,465,|388,306,432,420,|466,305,509,441,|789,363,900,506,|290,292,316,390,|544,321,572,385,|
frame358|6|158,337,207,467,|388,306,432,420,|465,306,509,440,|789,364,899,506,|290,293,316,390,|545,321,573,387,|
frame359|7|156,339,208,467,|388,307,432,420,|465,304,509,440,|789,363,900,506,|290,292,316,390,|546,322,573,387,|593,349,628,449,|
frame360|6|155,341,209,467,|388,307,432,420,|465,305,508,440,|790,364,900,504,|290,293,315,390,|548,322,574,387,|
frame361|6|156,342,210,467,|386,308,431,420,|463,307,507,439,|789,364,900,506,|291,293,316,390,|547,322,573,388,|
frame362|6|156,343,211,467,|386,308,431,420,|461,307,507,439,|789,364,899,507,|291,293,316,390,|547,323,574,388,|
frame363|6|156,344,212,468,|460,307,507,438,|386,309,431,419,|789,365,899,505,|291,293,316,390,|547,323,574,389,|
frame364|7|155,346,211,467,|387,309,431,420,|459,308,507,439,|789,365,899,504,|291,293,316,390,|548,323,575,389,|594,348,628,448,|
frame365|7|155,346,211,467,|458,306,506,440,|386,309,430,420,|789,364,899,507,|291,293,316,390,|549,324,576,389,|594,348,628,448,|
frame366|7|155,347,211,467,|387,309,430,420,|460,306,505,439,|789,365,899,506,|291,293,316,390,|594,348,628,448,|549,325,576,389,|
frame367|6|155,347,211,466,|386,308,430,421,|458,310,505,438,|789,364,900,506,|291,293,316,390,|325,318,350,352,|
frame368|7|385,307,429,422,|155,347,211,467,|456,312,504,437,|789,364,899,506,|291,293,316,390,|594,348,628,448,|326,318,350,352,|
frame369|6|385,307,429,422,|155,347,211,467,|455,314,502,436,|789,364,900,508,|291,293,316,390,|326,318,350,352,|
frame370|6|155,347,211,467,|385,307,428,423,|452,319,499,436,|789,364,900,509,|292,292,316,389,|326,317,350,352,|
frame371|6|385,308,428,422,|155,347,211,467,|450,314,497,437,|789,363,900,511,|291,292,315,389,|326,317,350,352,|
frame372|6|385,308,427,423,|156,346,211,468,|789,363,901,510,|449,313,495,436,|291,292,315,389,|326,317,350,352,|
frame373|6|386,310,426,423,|156,345,211,467,|450,314,495,437,|789,362,901,512,|291,296,313,387,|326,317,350,351,|
frame374|6|386,311,426,424,|158,343,211,467,|789,362,901,512,|448,315,494,436,|290,291,313,385,|327,317,350,351,|
frame375|6|386,310,426,425,|158,343,210,466,|789,361,900,512,|447,314,494,437,|291,296,313,387,|327,317,350,351,|
frame376|6|385,308,425,425,|158,342,209,465,|448,315,493,439,|790,362,901,501,|291,292,315,389,|326,316,350,352,|
frame377|6|385,309,424,426,|160,341,208,466,|448,312,493,439,|790,361,900,500,|291,292,315,388,|325,316,350,352,|
frame378|6|385,310,423,426,|159,339,208,466,|447,313,494,440,|790,361,903,502,|291,292,316,388,|325,316,350,352,|
frame379|6|385,309,423,426,|156,337,209,466,|445,314,493,439,|790,361,903,504,|291,292,316,389,|324,316,349,352,|
frame380|6|385,309,423,425,|154,334,209,466,|447,312,493,441,|790,360,904,505,|291,293,316,389,|323,316,349,352,|
frame381|6|154,335,211,466,|385,307,422,424,|447,313,492,441,|789,361,905,510,|291,292,317,389,|323,316,349,352,|
frame382|6|153,332,212,466,|385,307,422,425,|445,314,492,440,|788,361,904,514,|291,291,315,385,|323,316,349,352,|
frame383|7|153,327,212,462,|385,306,422,425,|445,312,492,440,|788,361,903,510,|291,292,317,389,|323,316,349,353,|594,348,628,448,|
frame384|7|157,324,213,462,|385,306,422,425,|444,311,492,441,|788,361,903,510,|292,292,317,389,|323,315,349,353,|299,295,334,388,|
frame385|7|158,322,214,461,|384,306,422,425,|444,312,492,440,|789,361,902,509,|291,292,317,390,|298,295,333,389,|323,316,349,353,|
frame386|7|158,322,213,462,|385,305,422,424,|444,311,492,440,|791,361,900,503,|291,292,316,390,|298,295,332,389,|323,316,349,353,|
frame387|7|159,320,214,460,|385,305,422,424,|444,310,492,440,|791,361,901,502,|291,292,316,390,|323,315,349,352,|298,295,334,389,|
frame388|7|385,306,422,424,|162,322,213,461,|443,308,492,440,|791,362,901,502,|290,292,316,390,|323,315,349,352,|299,295,334,389,|
frame389|7|385,306,422,424,|161,319,215,458,|443,308,493,440,|792,363,902,502,|290,292,316,389,|323,316,349,352,|298,294,332,389,|
frame390|7|162,316,215,458,|385,306,422,424,|791,363,903,503,|444,307,492,439,|290,292,316,389,|298,294,332,388,|323,316,349,352,|
frame391|7|161,314,216,456,|385,306,422,424,|788,362,903,516,|445,305,492,439,|290,292,315,389,|324,317,349,353,|297,294,330,388,|
frame392|6|162,311,217,455,|385,306,422,424,|789,363,903,514,|446,305,492,439,|290,292,315,389,|324,317,349,353,|
frame393|6|385,306,422,424,|162,311,217,458,|789,363,903,514,|446,306,492,440,|290,292,315,389,|324,317,349,353,|
frame394|6|385,305,421,424,|162,310,217,458,|788,363,903,516,|446,307,492,439,|290,293,315,389,|324,317,349,353,|
frame395|5|162,311,216,459,|385,304,421,423,|789,362,903,518,|447,306,491,439,|290,293,315,389,|
frame396|5|161,311,216,457,|385,304,420,423,|788,362,903,519,|447,306,491,440,|290,293,315,389,|
frame397|5|160,310,216,455,|385,302,419,423,|789,363,903,516,|447,304,491,440,|290,292,315,390,|
frame398|5|160,310,216,456,|384,301,420,424,|789,363,903,517,|447,305,491,440,|290,292,315,389,|
frame399|5|160,309,215,456,|384,300,419,423,|789,363,903,514,|448,305,491,440,|290,292,315,390,|
frame400|5|160,309,215,457,|384,300,418,423,|789,363,903,516,|290,292,316,390,|448,305,491,439,|
frame401|5|158,308,215,457,|384,301,418,424,|789,363,903,515,|290,292,316,390,|448,307,491,438,|
frame402|5|158,307,215,457,|384,302,418,424,|789,363,904,515,|448,308,491,440,|290,292,315,390,|
frame403|5|158,307,215,456,|384,303,418,423,|789,363,903,514,|291,292,315,390,|448,311,491,436,|
frame404|5|156,305,214,455,|384,304,418,423,|789,363,904,514,|291,292,315,390,|449,311,491,433,|
frame405|5|156,305,213,456,|383,304,418,423,|789,364,904,511,|291,292,315,390,|449,313,491,435,|
frame406|5|156,305,212,455,|383,303,418,424,|790,364,903,509,|291,293,316,389,|448,312,492,438,|
frame407|5|155,305,213,455,|382,303,418,425,|789,364,903,508,|291,293,316,389,|448,311,492,439,|
frame408|5|155,305,212,455,|381,304,418,424,|790,364,903,508,|291,293,316,389,|448,312,492,439,|
frame409|5|155,305,211,455,|381,303,417,425,|790,364,904,507,|291,291,315,387,|448,312,492,439,|
frame410|5|155,305,212,455,|381,304,418,426,|790,364,904,509,|447,313,492,439,|291,292,316,390,|
frame411|5|155,305,212,455,|380,305,418,426,|790,364,904,507,|448,312,492,438,|291,291,315,387,|
frame412|5|154,305,211,455,|380,304,419,426,|790,364,903,507,|291,291,315,387,|448,311,492,437,|
frame413|5|154,305,211,454,|380,304,418,424,|790,364,903,507,|447,310,493,438,|291,292,316,389,|
frame414|5|153,305,212,454,|380,304,418,424,|790,364,903,507,|446,310,493,439,|291,291,315,387,|
frame415|5|153,305,213,454,|790,364,903,506,|380,303,417,425,|444,308,493,439,|291,291,315,387,|
frame416|5|152,307,213,452,|380,303,418,426,|790,364,903,506,|443,308,493,441,|291,291,315,387,|
frame417|5|153,307,214,452,|791,365,903,504,|379,305,416,425,|444,307,493,441,|291,291,315,387,|
frame418|5|152,307,215,452,|378,305,415,425,|791,365,903,504,|442,308,493,442,|291,291,315,387,|
frame419|5|152,307,215,452,|378,303,416,424,|791,365,903,505,|440,307,493,442,|291,291,315,387,|
frame420|5|152,307,215,452,|378,303,416,425,|791,365,903,505,|440,308,493,443,|291,291,315,387,|
frame421|5|152,307,215,453,|440,304,493,444,|378,302,417,427,|789,364,902,507,|291,293,315,389,|
frame422|5|152,307,214,452,|440,304,492,445,|376,302,416,426,|789,365,903,509,|291,293,315,389,|
frame423|5|152,307,214,452,|376,304,415,426,|440,309,491,445,|789,365,902,509,|291,293,315,389,|
frame424|5|152,307,214,452,|376,306,415,427,|439,310,491,445,|790,365,902,507,|291,293,315,389,|
frame425|5|152,307,213,452,|375,308,414,427,|440,315,487,445,|790,364,902,506,|291,293,315,389,|
frame426|5|153,307,213,453,|375,309,413,426,|790,365,902,504,|439,313,486,446,|291,293,315,389,|
frame427|5|154,306,212,455,|374,308,413,427,|790,365,902,506,|439,316,485,444,|291,293,315,389,|
frame428|5|154,306,211,455,|373,305,412,428,|790,365,902,505,|438,313,485,445,|291,293,315,389,|
frame429|5|154,306,211,455,|372,305,412,428,|790,365,902,505,|438,315,484,445,|291,293,315,389,|
frame430|7|155,305,210,455,|373,308,412,426,|436,315,481,444,|789,364,903,508,|291,293,315,389,|298,295,330,387,|323,317,349,353,|
frame431|7|155,306,210,456,|373,308,413,425,|435,311,480,445,|790,364,902,506,|291,293,315,389,|298,295,329,387,|323,317,349,353,|
frame432|7|155,306,210,456,|373,309,412,425,|435,308,478,445,|790,364,902,507,|291,293,315,389,|324,318,349,353,|298,295,330,387,|
frame433|6|156,306,210,456,|372,310,412,425,|433,302,479,444,|789,364,903,509,|290,293,315,389,|325,318,349,353,|
frame434|7|157,306,211,456,|372,311,412,426,|432,310,478,445,|789,364,902,513,|291,293,315,389,|298,295,329,387,|323,317,348,353,|
frame435|6|157,307,211,457,|372,311,412,426,|788,363,903,514,|430,311,477,441,|290,293,315,389,|298,295,329,387,|
frame436|6|157,307,211,456,|372,311,412,426,|429,311,477,441,|789,363,903,513,|290,293,315,389,|326,318,350,352,|
frame437|6|157,307,210,456,|373,311,412,426,|431,314,475,443,|790,364,902,509,|290,293,315,389,|326,318,350,352,|
frame438|6|157,307,210,456,|373,311,412,425,|431,314,474,443,|790,363,902,509,|290,293,315,388,|325,318,350,352,|
frame439|6|157,308,210,456,|374,311,412,425,|428,317,474,440,|789,364,903,509,|290,291,315,386,|325,318,350,352,|
frame440|6|157,308,209,455,|375,311,412,425,|428,316,473,441,|789,364,903,509,|290,291,314,386,|325,317,350,352,|
frame441|6|156,308,208,454,|375,310,412,426,|427,316,473,441,|789,363,902,514,|290,291,315,386,|325,318,350,352,|
frame442|6|155,309,209,453,|375,311,411,425,|427,317,472,441,|789,363,902,515,|290,291,314,386,|326,318,350,352,|
frame443|5|154,310,208,452,|375,311,411,425,|427,317,472,441,|789,363,902,513,|290,291,314,386,|
frame444|6|152,311,209,451,|375,312,411,425,|427,316,472,442,|789,364,902,510,|290,291,314,386,|544,330,575,390,|
frame445|7|151,314,209,450,|427,316,471,443,|375,312,411,425,|789,364,902,512,|291,291,314,386,|566,326,585,386,|545,329,575,390,|
frame446|7|153,316,208,452,|429,314,471,445,|376,312,411,425,|789,364,902,512,|291,291,314,386,|566,325,585,387,|544,330,565,392,|
frame447|7|155,318,206,452,|429,315,471,445,|376,312,411,425,|789,364,902,511,|291,292,316,389,|566,326,585,386,|544,332,565,391,|
frame448|7|152,319,206,452,|429,316,471,445,|376,313,412,425,|789,364,903,510,|291,292,315,390,|565,326,585,386,|544,331,565,391,|
frame449|6|150,321,207,450,|429,317,471,445,|376,313,412,426,|789,364,902,510,|291,292,315,389,|564,326,585,387,|
frame450|6|150,324,207,450,|429,317,471,444,|376,313,412,425,|789,365,902,508,|291,293,315,389,|563,326,585,387,|
frame451|6|149,327,204,453,|377,313,412,426,|789,365,903,508,|430,316,471,445,|291,293,316,389,|562,326,585,386,|
frame452|6|149,330,203,453,|377,314,411,427,|430,317,471,445,|789,365,903,511,|291,293,316,390,|562,326,585,387,|
frame453|5|148,333,203,453,|377,314,412,427,|430,314,471,445,|789,365,903,509,|291,293,316,390,|
frame454|5|150,335,202,454,|378,313,412,427,|430,312,471,446,|789,365,903,508,|291,293,316,389,|
frame455|5|149,336,201,455,|377,313,413,427,|429,313,472,443,|789,366,903,507,|291,293,316,389,|
frame456|5|149,336,200,455,|378,312,414,427,|431,311,472,447,|789,364,903,513,|291,293,316,389,|
frame457|6|151,337,200,456,|379,313,414,427,|429,307,475,445,|789,365,903,511,|291,293,316,390,|553,328,583,387,|
frame458|5|153,339,200,457,|379,314,415,427,|430,305,476,446,|789,365,903,510,|291,293,316,390,|
frame459|7|155,342,198,453,|379,313,415,427,|431,306,477,445,|789,365,903,512,|291,293,316,390,|551,327,583,387,|545,325,568,386,|
frame460|7|154,343,199,453,|379,313,416,427,|432,305,478,446,|789,365,903,514,|291,292,316,390,|552,326,583,387,|546,324,568,386,|
frame461|7|151,342,200,455,|379,313,417,426,|432,307,478,447,|789,365,903,512,|291,292,316,390,|566,325,587,387,|545,324,568,386,|
frame462|7|151,343,200,455,|379,313,417,426,|432,303,478,446,|789,365,903,509,|291,292,316,390,|566,325,586,386,|545,323,568,386,|
frame463|7|150,344,200,456,|379,313,417,426,|789,365,903,509,|433,304,479,446,|291,292,317,390,|565,326,586,386,|545,322,568,387,|
frame464|7|148,344,200,456,|379,312,417,427,|435,307,480,446,|789,365,903,513,|291,292,316,390,|565,326,586,386,|545,322,566,387,|
frame465|7|149,345,200,456,|379,312,417,427,|435,304,480,445,|789,365,903,515,|291,292,316,390,|564,326,585,386,|545,322,565,387,|
frame466|7|150,345,200,456,|379,311,418,426,|790,366,902,508,|437,304,483,445,|291,292,316,390,|544,322,569,388,|564,326,585,386,|
frame467|7|150,345,200,455,|380,311,418,426,|790,366,902,508,|438,305,483,444,|291,292,316,389,|564,326,584,386,|544,322,570,388,|
frame468|7|152,344,200,455,|380,310,419,426,|790,366,902,507,|438,308,483,444,|291,292,316,389,|545,322,570,388,|564,325,585,386,|
frame469|7|152,344,200,455,|380,308,420,426,|790,366,902,509,|438,307,484,444,|291,292,316,390,|544,321,570,388,|565,325,585,386,|
frame470|7|152,343,200,454,|380,308,420,427,|790,366,902,510,|439,310,484,442,|291,292,316,390,|544,320,569,388,|564,325,585,385,|
frame471|7|152,343,199,454,|380,309,420,426,|790,365,902,512,|439,312,485,443,|291,292,316,390,|544,320,569,388,|564,325,584,385,|
frame472|7|150,342,200,454,|380,309,420,427,|789,365,903,510,|439,314,486,443,|291,292,316,391,|543,319,569,388,|564,324,585,385,|
frame473|8|148,341,200,453,|381,310,420,426,|790,365,903,508,|439,315,486,442,|291,292,316,391,|543,319,569,387,|564,324,585,385,|385,307,467,431,|
frame474|7|148,340,200,455,|381,309,420,426,|790,365,903,506,|291,292,316,391,|439,315,486,442,|543,319,569,387,|564,324,585,385,|
frame475|7|145,336,200,454,|381,310,420,425,|789,365,903,508,|291,292,316,391,|439,317,485,441,|544,319,567,386,|564,324,585,385,|
frame476|8|144,334,200,454,|382,309,420,427,|789,365,903,510,|438,320,484,443,|291,292,316,391,|544,320,567,387,|565,324,586,386,|384,306,459,433,|
frame477|7|144,333,200,454,|382,310,420,427,|789,365,903,508,|438,319,484,444,|291,292,316,391,|544,319,568,387,|565,323,586,386,|
frame478|8|145,329,200,456,|382,310,420,427,|790,365,903,507,|439,320,483,446,|291,292,316,391,|545,319,568,388,|565,323,586,387,|324,316,349,353,|
frame479|8|147,326,201,457,|383,311,420,426,|790,365,903,509,|439,319,483,445,|291,292,316,391,|545,319,568,389,|565,324,586,387,|323,316,349,353,|
frame480|9|147,324,202,458,|382,311,419,426,|790,365,903,510,|439,319,483,446,|291,292,316,391,|545,318,568,390,|565,323,586,387,|387,307,471,432,|323,316,349,353,|
frame481|10|147,324,202,457,|382,313,420,425,|790,365,903,511,|438,315,484,446,|290,292,316,391,|545,318,569,389,|565,323,587,388,|594,348,627,447,|387,308,471,432,|323,316,349,353,|
frame482|9|147,324,202,456,|381,314,420,427,|790,365,903,511,|438,312,485,445,|290,292,316,392,|544,318,569,389,|566,323,587,387,|594,348,627,447,|323,316,349,352,|
frame483|9|147,323,201,455,|381,314,419,426,|790,364,903,513,|438,311,484,446,|291,292,316,391,|545,318,570,388,|566,323,587,387,|594,348,627,447,|323,316,349,352,|
frame484|9|146,321,200,454,|381,314,419,425,|789,365,903,511,|438,309,483,445,|291,292,316,391,|544,318,570,389,|566,323,587,387,|594,348,627,447,|324,317,349,352,|
frame485|8|148,318,199,454,|381,315,419,424,|790,365,903,512,|438,307,483,446,|291,292,316,391,|544,318,571,389,|567,324,587,387,|594,348,627,447,|
frame486|9|148,313,198,453,|382,315,419,425,|790,365,903,508,|439,308,483,446,|291,292,316,391,|544,318,571,389,|567,324,587,387,|594,348,627,447,|392,309,486,432,|
frame487|9|148,310,197,452,|382,315,419,424,|790,365,903,509,|439,301,482,446,|291,292,316,391,|544,318,571,390,|568,324,588,387,|393,307,488,433,|594,348,627,447,|
frame488|8|149,309,196,451,|382,313,418,425,|790,365,902,510,|439,305,482,445,|291,292,316,391,|545,319,570,391,|567,324,588,387,|594,348,627,447,|
frame489|7|149,307,196,451,|382,312,418,425,|790,365,902,510,|440,299,482,446,|291,292,316,391,|545,319,571,391,|391,305,485,433,|
frame490|7|149,307,196,451,|381,311,418,425,|790,365,902,513,|440,294,481,446,|291,292,316,391,|548,320,580,389,|566,324,588,388,|
frame491|8|148,306,196,450,|381,310,419,425,|790,364,902,512,|440,302,481,444,|291,292,316,391,|550,321,583,389,|566,324,587,388,|324,316,349,353,|
frame492|8|147,305,196,450,|381,310,418,424,|790,364,902,509,|440,300,480,446,|291,292,316,391,|550,321,581,388,|565,324,587,388,|324,316,349,353,|
frame493|8|146,304,197,449,|382,310,418,422,|790,365,902,508,|439,296,479,444,|291,292,316,391,|550,320,581,388,|566,324,587,387,|324,316,349,353,|
frame494|7|145,304,197,451,|382,310,417,422,|789,364,902,511,|439,292,480,444,|291,292,315,391,|550,320,581,387,|566,324,587,387,|
frame495|7|146,303,197,450,|383,309,417,423,|790,364,902,510,|439,295,479,443,|291,292,315,391,|550,319,581,387,|565,323,587,387,|
frame496|6|147,304,197,449,|383,310,417,424,|790,365,902,506,|439,300,478,443,|291,293,315,391,|550,320,581,388,|
frame497|6|148,303,198,449,|384,310,417,424,|790,364,902,506,|438,301,478,443,|291,293,315,390,|550,320,582,388,|
frame498|6|149,307,198,447,|383,310,416,425,|790,364,902,506,|437,302,477,443,|291,293,315,390,|550,320,582,388,|
frame499|6|149,307,199,447,|383,310,416,424,|790,364,902,507,|437,300,476,444,|291,292,315,390,|550,321,582,388,|
