frame0.jpg|6|188,333,251,519,|384,313,401,430,|394,315,433,431,|469,307,498,442,|802,363,914,507,|663,341,691,374,|
frame1.jpg|5|188,330,253,505,|385,310,405,430,|392,312,427,428,|469,305,492,436,|800,358,911,511,|
frame2.jpg|6|188,325,253,499,|384,313,405,424,|393,313,431,428,|467,307,494,435,|664,335,690,368,|803,366,909,509,|
frame3.jpg|6|193,324,245,511,|381,312,404,430,|394,311,429,433,|467,308,498,440,|661,333,688,376,|794,369,913,503,|
frame4.jpg|6|185,322,249,496,|384,314,404,425,|394,310,431,428,|472,308,494,435,|800,359,918,514,|664,335,685,383,|
frame5.jpg|6|189,319,251,500,|385,311,401,423,|391,312,430,429,|466,306,495,437,|660,338,688,377,|791,364,908,505,|
frame6.jpg|5|187,317,244,505,|386,311,403,420,|396,315,435,432,|470,304,497,429,|790,358,913,513,|
frame7.jpg|6|180,318,250,501,|381,308,401,421,|390,306,431,430,|469,307,496,434,|661,336,686,372,|801,368,910,507,|
frame8.jpg|6|187,319,247,500,|385,309,402,428,|393,311,434,434,|466,304,491,436,|666,336,690,375,|801,365,913,519,|
frame9.jpg|6|175,310,243,507,|383,309,407,426,|394,312,430,432,|463,306,498,434,|664,334,685,371,|794,368,921,528,|
frame10.jpg|6|179,313,250,502,|382,302,400,423,|393,314,434,430,|467,304,492,444,|663,335,688,375,|799,363,911,504,|
frame11.jpg|6|188,313,248,499,|384,311,402,419,|392,312,431,431,|469,304,492,436,|664,329,695,373,|795,366,920,517,|
frame12.jpg|6|190,305,256,499,|386,308,398,418,|394,314,434,435,|466,304,499,437,|659,333,686,371,|799,362,907,500,|
frame13.jpg|6|187,312,256,499,|384,315,400,427,|393,302,432,427,|473,304,492,431,|660,334,688,367,|797,363,927,506,|
frame14.jpg|6|182,306,249,502,|379,306,401,428,|394,305,439,442,|471,303,499,439,|663,332,689,376,|800,358,913,505,|
frame15.jpg|6|186,308,252,503,|383,309,397,423,|396,312,429,429,|470,302,493,441,|665,334,689,376,|803,359,912,512,|
frame16.jpg|6|185,308,250,500,|387,315,402,423,|394,304,436,433,|474,300,497,440,|664,335,687,387,|795,360,914,508,|
frame17.jpg|6|184,314,251,501,|385,311,405,427,|396,312,431,436,|470,303,497,435,|660,333,685,379,|797,356,905,511,|
frame18.jpg|6|188,315,252,509,|383,308,398,441,|394,307,428,424,|476,303,494,436,|663,332,685,382,|800,366,919,515,|
frame19.jpg|6|184,308,255,507,|383,308,400,423,|399,310,430,432,|471,298,493,432,|661,329,688,384,|803,360,916,508,|
frame20.jpg|6|182,310,251,500,|384,308,399,419,|397,307,427,428,|469,302,496,439,|665,336,687,383,|801,356,912,499,|
frame21.jpg|6|185,305,256,506,|382,312,403,430,|399,303,432,431,|469,304,492,435,|663,335,688,383,|802,356,915,509,|
frame22.jpg|6|180,304,253,503,|389,307,404,427,|398,305,436,425,|476,303,503,436,|667,333,693,394,|798,359,908,503,|
frame23.jpg|6|175,306,256,499,|385,308,397,424,|399,310,435,435,|472,300,497,444,|655,327,688,390,|799,355,918,510,|
frame24.jpg|6|178,304,250,501,|383,305,401,423,|401,303,433,435,|472,303,496,436,|665,333,690,373,|798,362,912,509,|
frame25.jpg|6|178,305,251,499,|389,303,402,426,|404,309,433,437,|468,304,496,435,|657,330,692,381,|797,360,914,505,|
frame26.jpg|6|178,307,248,496,|386,306,403,423,|402,304,431,428,|472,302,495,431,|662,331,692,381,|801,358,918,503,|
frame27.jpg|6|177,295,252,504,|389,308,400,422,|405,310,430,427,|473,302,492,434,|659,334,691,389,|810,363,915,513,|
frame28.jpg|6|183,303,247,499,|387,309,401,422,|409,303,428,434,|473,310,498,436,|663,335,693,386,|797,363,924,513,|
frame29.jpg|6|176,306,253,507,|388,309,406,428,|408,310,436,436,|474,301,487,434,|659,333,688,384,|801,358,916,507,|
frame30.jpg|6|177,306,249,499,|385,306,403,432,|410,304,431,434,|471,301,496,439,|661,333,688,382,|804,356,909,501,|
frame31.jpg|6|181,302,255,496,|391,308,403,419,|410,306,428,425,|475,297,499,442,|661,329,692,380,|804,360,912,498,|
frame32.jpg|6|176,302,254,503,|388,306,406,424,|413,303,429,444,|470,305,501,435,|662,326,692,381,|808,362,914,511,|
frame33.jpg|6|186,303,251,498,|387,306,409,430,|415,307,435,431,|473,297,498,443,|661,331,693,380,|802,353,918,508,|
frame34.jpg|6|183,300,252,506,|388,306,402,423,|411,298,429,434,|474,302,500,441,|656,331,696,380,|809,360,920,518,|
frame35.jpg|6|181,311,246,494,|386,298,400,422,|412,300,430,426,|475,302,502,443,|657,333,693,372,|798,355,911,501,|
frame36.jpg|6|175,305,254,511,|383,306,398,426,|408,303,430,430,|463,295,496,436,|660,332,688,381,|800,358,920,504,|
frame37.jpg|6|181,304,246,505,|386,299,405,423,|416,309,436,424,|471,303,501,440,|658,330,694,390,|807,355,911,505,|
frame38.jpg|6|178,300,261,508,|388,308,404,424,|413,302,432,428,|472,302,494,438,|662,327,695,376,|799,357,916,508,|
frame39.jpg|6|184,310,258,499,|388,309,403,422,|418,308,425,426,|471,305,493,438,|660,331,688,377,|809,357,920,509,|
frame40.jpg|6|184,303,252,499,|392,301,401,430,|416,309,435,441,|469,297,506,446,|661,333,697,387,|808,360,919,516,|
frame41.jpg|6|179,309,249,500,|386,309,405,427,|415,305,431,438,|471,304,502,438,|658,329,700,382,|797,358,914,503,|
frame42.jpg|6|179,309,251,494,|390,307,408,424,|416,311,431,435,|470,302,501,441,|657,329,684,377,|803,357,926,512,|
frame43.jpg|6|183,315,251,493,|390,306,398,430,|418,306,436,423,|474,301,504,444,|658,331,691,376,|790,358,916,507,|
frame44.jpg|6|178,309,248,503,|388,310,404,423,|416,308,435,431,|473,305,500,437,|655,332,696,385,|802,365,917,509,|
frame45.jpg|6|175,311,263,504,|386,305,402,418,|420,312,433,434,|471,308,505,438,|653,331,696,385,|794,371,920,513,|
frame46.jpg|6|175,315,256,507,|387,299,406,428,|418,306,444,431,|472,307,496,434,|655,326,691,379,|790,358,910,511,|
frame47.jpg|6|173,308,253,503,|387,304,407,422,|417,310,439,431,|474,303,496,442,|655,331,689,380,|789,356,914,502,|
frame48.jpg|6|179,313,249,495,|389,307,405,423,|419,313,437,427,|476,307,504,439,|659,329,689,381,|796,359,912,510,|
frame49.jpg|6|173,315,251,497,|391,307,399,422,|420,310,437,441,|472,302,510,445,|661,330,694,389,|796,353,918,498,|
frame50.jpg|6|173,309,255,514,|389,305,399,423,|422,315,434,433,|473,300,495,445,|657,327,695,388,|802,354,919,500,|
frame51.jpg|6|175,319,255,493,|383,303,401,412,|422,306,434,429,|468,301,499,436,|653,328,692,390,|802,358,928,508,|
frame52.jpg|6|180,319,254,496,|384,297,404,418,|424,314,442,427,|475,301,499,437,|662,330,698,392,|793,356,916,505,|
frame53.jpg|6|173,321,257,493,|385,305,405,418,|424,311,442,432,|473,295,496,434,|658,330,692,386,|793,355,915,510,|
frame54.jpg|6|173,322,259,510,|388,307,404,422,|422,315,443,434,|474,307,499,434,|661,332,691,387,|802,362,912,500,|
frame55.jpg|6|163,328,250,493,|384,306,404,417,|428,324,441,434,|474,304,501,437,|648,326,695,385,|800,361,913,508,|
frame56.jpg|6|163,324,252,499,|385,303,398,419,|424,325,435,431,|473,301,505,442,|661,327,692,382,|800,357,911,500,|
frame57.jpg|6|169,331,255,507,|384,305,401,423,|424,324,437,431,|473,303,501,449,|650,327,696,384,|798,362,914,499,|
frame58.jpg|6|160,327,248,495,|387,299,406,426,|423,318,438,432,|474,300,495,448,|655,327,699,385,|794,352,913,502,|
frame59.jpg|6|158,334,258,494,|387,307,404,412,|424,319,441,423,|467,299,508,430,|655,331,693,381,|797,356,919,507,|
frame60.jpg|6|166,337,255,494,|381,300,404,423,|427,316,434,424,|469,295,509,443,|650,327,700,389,|802,364,923,505,|
frame61.jpg|6|160,337,263,506,|383,295,405,422,|426,322,437,432,|472,299,502,443,|660,328,695,387,|806,352,921,515,|
frame62.jpg|6|162,333,250,495,|381,300,398,417,|423,318,437,430,|472,296,503,436,|656,329,697,389,|796,353,914,505,|
frame63.jpg|6|160,339,259,505,|382,305,406,413,|426,313,445,438,|469,301,502,432,|656,324,691,390,|804,355,922,511,|
frame64.jpg|6|156,342,250,493,|380,305,400,437,|426,318,441,433,|472,298,509,446,|657,327,695,390,|798,354,908,512,|
frame65.jpg|6|164,346,245,491,|384,309,402,426,|423,318,433,428,|473,304,496,442,|659,328,694,393,|798,355,912,517,|
frame66.jpg|6|166,347,249,497,|383,307,403,415,|424,313,439,431,|476,305,502,440,|652,334,697,404,|802,353,910,504,|
frame67.jpg|6|165,340,252,501,|384,303,402,417,|424,314,440,432,|467,297,504,440,|654,327,696,392,|794,360,921,506,|
frame68.jpg|6|163,348,259,490,|376,305,407,421,|423,314,438,432,|475,297,494,430,|656,331,701,391,|786,354,922,508,|
frame69.jpg|6|160,346,254,494,|377,305,402,428,|422,318,444,428,|471,294,503,436,|649,324,699,383,|801,355,916,509,|
frame70.jpg|6|153,339,250,490,|369,308,404,418,|423,318,445,436,|474,303,503,436,|651,326,713,400,|794,347,912,506,|
frame71.jpg|6|157,346,251,495,|375,301,403,422,|419,314,439,420,|471,300,502,445,|654,330,700,392,|810,348,911,499,|
frame72.jpg|7|157,338,251,500,|379,307,407,411,|302,340,325,373,|427,317,444,433,|471,305,499,441,|654,331,697,391,|792,359,918,505,|
frame73.jpg|6|154,353,253,503,|377,303,401,426,|420,315,443,435,|472,296,499,439,|649,327,693,378,|805,351,916,504,|
frame74.jpg|7|160,352,250,492,|300,335,315,381,|381,305,398,424,|429,311,434,433,|473,301,497,432,|654,326,705,395,|790,360,917,497,|
frame75.jpg|7|159,349,256,495,|293,339,324,374,|374,301,405,415,|424,315,437,435,|467,299,497,433,|651,331,690,387,|799,357,920,514,|
frame76.jpg|6|160,351,250,486,|372,303,403,414,|421,315,439,428,|473,300,503,433,|660,326,698,393,|800,352,914,495,|
frame77.jpg|7|163,345,254,486,|304,335,315,365,|376,304,403,418,|429,313,443,424,|477,289,501,446,|657,326,705,393,|810,366,907,508,|
frame78.jpg|7|158,347,260,507,|301,330,320,379,|372,304,406,418,|423,311,441,429,|466,300,501,429,|651,332,699,409,|804,347,906,488,|
frame79.jpg|6|159,348,245,493,|372,302,405,421,|425,313,445,428,|471,298,497,435,|652,326,698,386,|802,360,912,493,|
frame80.jpg|7|152,348,248,499,|297,340,324,382,|370,295,407,421,|417,315,441,427,|473,295,507,435,|651,318,693,380,|802,349,925,512,|
frame81.jpg|7|159,338,245,485,|299,334,318,372,|372,300,404,422,|417,315,456,426,|470,296,505,438,|661,327,703,385,|800,355,912,491,|
frame82.jpg|7|153,344,258,505,|298,339,316,374,|371,307,403,419,|422,313,441,432,|472,300,506,433,|655,324,702,393,|803,351,919,513,|
frame83.jpg|6|157,336,251,498,|374,303,403,418,|423,316,447,430,|474,296,503,435,|656,326,701,400,|805,351,914,507,|
frame84.jpg|6|159,339,251,506,|370,305,408,420,|423,314,445,427,|474,298,503,441,|658,328,692,394,|803,354,912,501,|
frame85.jpg|6|154,330,257,499,|370,304,402,419,|428,313,449,429,|474,304,503,436,|643,323,694,394,|805,352,916,500,|
frame86.jpg|7|161,335,248,500,|299,334,326,379,|376,306,410,421,|427,305,452,432,|473,299,500,437,|656,324,695,383,|807,355,916,505,|
frame87.jpg|7|163,335,257,489,|298,337,320,372,|374,304,405,418,|419,323,443,437,|473,292,500,438,|659,328,700,394,|795,351,918,508,|
frame88.jpg|6|156,327,251,496,|372,305,397,417,|430,312,440,429,|470,298,500,443,|656,326,697,388,|800,348,922,519,|
frame89.jpg|6|153,328,258,500,|370,303,401,421,|428,312,440,441,|476,298,506,442,|653,320,690,397,|802,357,922,508,|
frame90.jpg|6|152,319,251,495,|374,304,407,429,|424,312,445,431,|467,299,507,443,|659,327,697,387,|790,354,925,513,|
frame91.jpg|6|157,309,247,492,|374,305,401,427,|424,315,450,438,|476,300,502,442,|654,326,695,379,|798,351,921,507,|
frame92.jpg|6|155,312,254,499,|373,305,404,429,|425,317,439,427,|474,297,501,437,|667,323,691,375,|804,355,913,506,|
frame93.jpg|6|153,307,252,491,|375,302,409,431,|424,316,433,428,|474,294,501,437,|652,328,695,375,|799,354,917,508,|
frame94.jpg|6|155,316,244,493,|374,307,400,415,|418,315,439,429,|472,295,501,439,|668,332,707,385,|805,358,917,508,|
frame95.jpg|6|159,314,249,485,|374,302,409,433,|421,316,438,427,|471,309,498,435,|655,323,694,389,|795,356,938,513,|
frame96.jpg|6|159,308,251,492,|374,300,406,424,|419,319,436,438,|473,284,501,435,|663,324,693,377,|797,358,920,511,|
frame97.jpg|6|153,309,253,491,|379,304,410,424,|425,305,447,429,|472,301,495,444,|653,325,702,384,|809,354,926,522,|
frame98.jpg|6|149,303,242,484,|374,304,399,423,|426,312,452,432,|465,299,500,442,|655,329,694,385,|800,351,915,504,|
frame99.jpg|6|151,302,245,484,|370,304,400,427,|418,307,450,429,|466,296,500,440,|663,331,694,380,|803,354,928,508,|
frame100.jpg|6|161,301,243,486,|377,304,404,418,|425,314,439,433,|473,299,498,440,|661,327,692,382,|808,359,916,499,|
frame101.jpg|6|150,299,240,481,|374,305,405,417,|422,310,446,432,|470,300,500,434,|653,334,695,387,|787,355,919,517,|
frame102.jpg|6|159,308,244,475,|380,309,399,419,|419,314,442,421,|474,299,499,435,|659,330,692,385,|806,356,907,499,|
frame103.jpg|7|162,302,249,481,|380,308,405,417,|298,343,318,386,|429,317,435,426,|473,300,500,443,|660,330,694,386,|801,355,918,501,|
frame104.jpg|7|158,302,240,485,|297,341,319,385,|379,306,400,415,|422,319,438,437,|472,298,500,441,|661,331,690,386,|804,352,916,503,|
frame105.jpg|6|160,301,237,487,|378,303,399,422,|419,318,438,428,|473,297,499,449,|662,331,691,386,|802,357,913,505,|
frame106.jpg|6|156,305,241,485,|377,305,401,426,|425,317,443,427,|472,302,493,439,|659,327,685,376,|799,358,916,506,|
frame107.jpg|6|162,304,234,477,|377,306,401,425,|418,316,443,430,|474,306,495,439,|655,326,687,392,|800,357,915,503,|
frame108.jpg|6|165,302,247,481,|376,304,399,419,|426,316,437,430,|471,296,499,439,|661,333,699,390,|800,355,917,507,|
frame109.jpg|6|163,304,239,488,|377,308,402,416,|423,313,442,428,|470,297,498,439,|651,329,690,388,|803,348,918,509,|
frame110.jpg|6|162,303,238,489,|378,305,400,418,|419,318,452,420,|468,300,498,433,|663,332,691,393,|793,348,915,498,|
frame111.jpg|6|155,299,247,482,|374,311,395,422,|425,316,441,424,|469,293,493,430,|661,332,696,385,|792,351,912,495,|
frame112.jpg|6|157,301,243,490,|374,303,404,423,|426,314,440,431,|473,292,505,436,|660,323,695,406,|800,353,914,491,|
frame113.jpg|6|163,297,242,486,|376,306,399,415,|422,315,440,434,|468,298,508,442,|662,330,708,390,|803,354,913,502,|
frame114.jpg|6|167,301,242,486,|380,302,402,417,|425,309,442,428,|472,299,503,437,|660,329,695,382,|796,355,913,495,|
frame115.jpg|6|169,300,243,484,|373,309,403,419,|425,310,441,423,|472,300,504,442,|656,328,691,388,|804,353,911,501,|
frame116.jpg|6|160,298,247,497,|375,301,398,421,|424,308,440,437,|469,298,502,438,|664,331,700,400,|802,352,916,517,|
frame117.jpg|6|157,295,244,481,|382,301,404,429,|422,309,441,436,|467,293,507,441,|655,326,693,380,|802,347,915,499,|
frame118.jpg|6|167,296,248,497,|371,311,402,439,|415,311,440,421,|471,301,499,433,|653,323,678,397,|785,348,915,517,|
frame119.jpg|6|162,304,251,484,|378,306,399,421,|423,316,442,437,|473,307,494,437,|665,333,693,406,|792,348,928,515,|
frame120.jpg|6|157,295,249,484,|370,301,406,424,|421,311,437,418,|474,298,505,443,|659,327,696,387,|798,342,926,527,|
frame121.jpg|6|164,299,238,472,|372,309,399,421,|420,305,444,439,|467,295,498,436,|657,322,703,386,|798,351,916,510,|
frame122.jpg|6|156,295,242,493,|377,306,400,417,|424,306,443,425,|470,299,497,444,|660,327,696,394,|804,345,912,504,|
frame123.jpg|7|162,299,239,490,|377,304,406,424,|299,339,322,380,|422,311,439,426,|468,298,498,436,|661,330,689,397,|792,353,919,512,|
frame124.jpg|6|170,300,239,487,|374,308,401,429,|428,308,432,436,|463,296,498,445,|656,322,696,391,|800,341,913,510,|
frame125.jpg|6|157,299,242,493,|380,303,398,424,|421,308,439,436,|465,294,499,444,|655,322,687,410,|800,347,916,507,|
frame126.jpg|6|157,294,248,480,|373,299,402,419,|424,308,439,438,|464,296,500,438,|661,327,706,383,|803,352,917,500,|
frame127.jpg|6|165,301,246,488,|378,301,396,420,|422,314,431,437,|472,299,502,435,|656,312,696,415,|803,345,921,513,|
frame128.jpg|6|165,299,238,479,|376,302,397,421,|423,315,442,428,|473,290,504,442,|660,318,691,395,|791,351,914,508,|
frame129.jpg|7|166,303,245,490,|297,339,312,379,|373,308,400,417,|423,314,439,440,|469,292,504,443,|660,328,691,381,|797,352,923,510,|
frame130.jpg|7|169,287,248,493,|302,343,320,378,|379,304,404,430,|422,314,442,422,|469,297,501,445,|657,325,699,405,|805,356,920,512,|
frame131.jpg|6|165,305,241,482,|372,305,401,421,|422,319,433,423,|472,294,489,437,|661,321,696,382,|801,355,921,503,|
frame132.jpg|6|163,308,246,500,|379,299,398,420,|418,315,436,433,|474,290,500,436,|658,328,700,396,|798,349,917,506,|
frame133.jpg|6|166,295,234,479,|372,303,400,430,|423,308,438,431,|466,285,507,442,|662,331,696,384,|791,351,917,509,|
frame134.jpg|6|162,296,239,489,|379,302,399,425,|420,310,438,437,|462,280,504,439,|660,324,694,391,|808,349,915,499,|
frame135.jpg|6|154,308,248,474,|372,303,410,422,|421,310,452,432,|468,299,504,449,|653,331,699,391,|790,362,915,499,|
frame136.jpg|6|160,313,241,489,|376,309,400,427,|416,318,441,421,|470,308,511,443,|660,332,700,393,|798,345,914,507,|
frame137.jpg|6|159,298,246,485,|378,298,404,419,|420,319,437,423,|473,304,500,447,|662,335,687,375,|799,354,912,509,|
frame138.jpg|6|155,306,234,487,|384,297,403,420,|415,313,439,423,|471,298,505,441,|662,332,691,385,|797,361,914,508,|
frame139.jpg|6|159,308,244,490,|380,301,403,416,|418,313,439,419,|472,299,507,439,|663,321,696,392,|801,357,913,503,|
frame140.jpg|6|162,307,228,479,|380,294,400,417,|418,315,444,426,|467,293,507,440,|658,329,694,380,|805,353,915,503,|
frame141.jpg|7|161,300,237,487,|300,341,322,386,|375,307,405,414,|418,310,445,427,|467,299,507,434,|653,323,702,386,|806,347,914,508,|
frame142.jpg|7|158,304,233,481,|299,336,329,396,|380,281,404,422,|422,314,442,426,|470,299,502,438,|658,330,704,400,|797,352,915,514,|
frame143.jpg|7|152,306,232,480,|298,338,321,383,|377,299,406,421,|417,307,446,422,|463,290,509,446,|652,330,704,399,|789,356,910,520,|
frame144.jpg|7|157,314,234,479,|298,334,319,386,|378,307,403,418,|420,312,446,424,|467,289,507,437,|659,329,693,382,|803,349,923,515,|
frame145.jpg|7|165,305,226,484,|299,334,321,384,|386,295,400,419,|420,311,442,421,|470,296,504,442,|661,325,693,394,|813,355,917,511,|
frame146.jpg|6|150,304,228,483,|381,290,406,429,|425,313,438,433,|470,294,502,437,|662,332,692,384,|804,357,915,495,|
frame147.jpg|6|157,303,229,477,|382,300,401,414,|423,314,441,417,|470,296,508,440,|664,320,699,395,|810,360,909,504,|
frame148.jpg|7|155,314,228,477,|296,334,322,385,|389,301,408,427,|423,307,441,421,|467,297,506,435,|651,322,701,390,|807,349,910,505,|
frame149.jpg|7|160,311,227,486,|300,335,320,378,|389,299,404,416,|429,308,441,428,|465,291,507,436,|660,328,699,403,|803,362,920,501,|
frame150.jpg|6|161,317,217,470,|384,304,403,413,|423,307,440,427,|470,303,497,435,|657,331,694,402,|792,353,918,513,|
frame151.jpg|6|165,310,222,480,|384,303,406,426,|425,310,440,423,|467,296,503,440,|662,319,693,380,|800,355,913,497,|
frame152.jpg|6|153,321,230,479,|385,299,404,424,|422,308,444,422,|466,298,505,442,|657,331,702,397,|792,361,901,496,|
frame153.jpg|6|167,321,215,475,|388,301,405,416,|420,307,443,435,|470,283,516,442,|639,320,710,392,|804,363,920,505,|
frame154.jpg|6|156,321,235,479,|382,303,409,423,|421,313,443,424,|476,297,503,440,|652,335,698,385,|810,353,908,515,|
frame155.jpg|6|156,326,225,478,|386,298,402,425,|420,309,442,422,|472,304,496,438,|666,329,703,394,|793,354,920,515,|
frame156.jpg|6|157,329,225,465,|387,304,406,428,|419,313,442,423,|467,298,503,435,|654,326,695,386,|795,361,923,511,|
frame157.jpg|7|157,328,218,469,|304,333,324,398,|393,305,406,422,|419,312,443,424,|475,294,504,436,|659,331,694,400,|800,361,929,510,|
frame158.jpg|7|165,338,230,479,|301,334,329,395,|392,303,398,421,|426,313,445,428,|465,290,505,437,|661,329,688,383,|800,364,909,492,|
frame159.jpg|7|156,334,218,475,|302,326,323,378,|391,301,404,421,|426,315,440,423,|468,301,503,430,|669,320,700,403,|795,367,914,507,|
frame160.jpg|7|163,348,221,466,|302,332,314,371,|384,299,408,434,|422,315,447,426,|472,295,505,434,|657,336,695,382,|810,361,909,491,|
frame161.jpg|6|157,342,226,469,|386,309,401,422,|422,309,442,419,|471,295,505,432,|653,330,690,397,|781,354,912,506,|
frame162.jpg|6|159,341,220,464,|389,301,403,411,|420,312,435,435,|470,299,501,436,|656,325,699,401,|791,356,912,499,|
frame163.jpg|6|161,337,236,466,|392,302,403,420,|428,305,438,425,|477,295,501,437,|658,330,701,391,|806,357,918,510,|
frame164.jpg|7|152,344,231,475,|299,330,339,391,|392,309,407,408,|433,317,442,424,|476,293,509,439,|658,326,707,402,|796,351,917,501,|
frame165.jpg|6|158,340,228,484,|394,302,403,412,|427,313,442,430,|468,302,505,438,|660,329,695,377,|811,353,914,496,|
frame166.jpg|6|158,342,224,477,|390,297,405,424,|423,311,436,433,|472,300,503,445,|658,330,689,398,|805,350,921,507,|
frame167.jpg|6|166,348,234,470,|396,302,397,420,|429,312,437,437,|471,296,501,440,|656,326,703,396,|798,353,911,502,|
frame168.jpg|6|161,340,228,476,|394,303,397,428,|424,311,441,447,|472,295,494,441,|652,329,689,392,|806,355,909,502,|
frame169.jpg|6|174,345,222,473,|397,303,404,426,|419,313,442,439,|472,296,497,435,|660,330,695,397,|802,351,920,500,|
frame170.jpg|6|169,345,231,481,|394,301,399,420,|424,303,437,455,|467,300,495,436,|661,320,696,393,|804,358,916,498,|
frame171.jpg|6|162,345,227,470,|390,303,406,429,|418,307,430,429,|467,292,499,428,|652,325,697,392,|799,355,910,507,|
frame172.jpg|6|164,336,228,468,|393,297,402,414,|420,310,437,425,|461,294,508,440,|658,328,697,396,|797,357,916,494,|
frame173.jpg|6|165,345,221,464,|390,306,406,415,|420,300,440,437,|467,306,501,443,|661,336,695,390,|798,353,924,502,|
frame174.jpg|6|161,344,236,463,|385,300,411,437,|421,306,433,422,|473,292,508,451,|659,323,692,397,|799,349,921,506,|
frame175.jpg|6|157,343,225,478,|394,308,399,410,|424,308,436,433,|467,297,501,441,|662,328,697,385,|801,353,907,495,|
frame176.jpg|6|163,343,223,467,|397,304,403,409,|422,308,441,430,|471,290,496,437,|652,327,691,386,|807,360,909,506,|
frame177.jpg|6|165,345,215,471,|397,304,398,397,|428,311,436,436,|469,293,497,435,|655,329,697,397,|798,346,919,520,|
frame178.jpg|6|164,344,220,477,|399,299,398,421,|419,308,440,431,|475,299,506,438,|657,325,702,397,|800,363,914,515,|
frame179.jpg|6|165,339,228,466,|397,309,401,416,|421,303,434,423,|469,298,492,435,|659,322,695,405,|799,351,915,509,|
frame180.jpg|6|161,335,227,475,|393,301,406,411,|421,309,437,435,|466,284,501,444,|653,330,693,401,|799,357,917,494,|
frame181.jpg|6|162,338,219,472,|399,304,402,427,|427,305,444,430,|473,295,498,436,|662,331,694,391,|814,357,919,501,|
frame182.jpg|6|164,332,220,471,|397,299,402,414,|417,312,437,426,|471,300,494,446,|650,327,699,388,|799,356,922,506,|
frame183.jpg|6|166,332,224,469,|388,302,399,408,|416,313,435,413,|472,305,502,435,|655,325,695,372,|799,350,913,500,|
frame184.jpg|6|168,337,231,476,|394,296,403,423,|419,304,433,424,|466,310,494,436,|660,326,697,386,|800,354,922,514,|
frame185.jpg|6|159,325,221,493,|394,301,404,419,|420,314,435,429,|476,295,500,430,|651,327,693,387,|807,357,911,503,|
frame186.jpg|6|172,317,221,484,|395,299,395,421,|422,308,434,423,|478,296,505,441,|657,333,692,389,|806,354,921,503,|
frame187.jpg|6|171,327,216,472,|398,304,403,431,|424,313,438,430,|473,295,499,427,|662,321,706,392,|810,354,915,508,|
frame188.jpg|6|167,313,215,470,|395,303,407,421,|418,322,433,436,|472,299,501,441,|658,323,700,389,|797,356,912,492,|
frame189.jpg|6|166,319,220,467,|397,304,405,441,|421,307,445,428,|460,314,502,433,|663,321,700,388,|808,355,918,502,|
frame190.jpg|6|162,310,220,496,|396,305,397,422,|419,299,437,433,|474,290,497,441,|662,326,696,398,|810,351,917,504,|
frame191.jpg|6|171,315,216,478,|399,306,399,402,|424,304,441,430,|469,297,494,431,|665,327,690,386,|808,351,908,488,|
frame192.jpg|6|168,312,223,470,|392,305,394,422,|422,308,445,419,|476,299,501,429,|655,323,691,382,|795,352,915,504,|
frame193.jpg|6|167,309,234,477,|394,303,403,413,|417,304,441,444,|471,303,507,433,|654,322,694,377,|808,357,913,498,|
frame194.jpg|6|173,309,222,478,|391,294,405,413,|420,307,432,422,|478,305,505,440,|655,327,695,388,|798,349,916,508,|
frame195.jpg|6|174,304,219,462,|394,296,410,416,|418,295,438,433,|472,305,509,434,|652,320,694,383,|796,354,915,507,|
frame196.jpg|6|168,299,220,478,|397,302,411,426,|419,314,436,427,|475,299,506,437,|659,328,688,382,|798,359,911,506,|
frame197.jpg|6|162,300,217,471,|395,301,399,429,|416,311,438,425,|471,296,502,437,|662,327,698,392,|798,358,908,487,|
frame198.jpg|6|166,311,221,482,|395,301,402,417,|416,312,448,441,|469,298,497,431,|653,323,698,387,|805,362,914,509,|
frame199.jpg|6|169,301,223,478,|397,299,404,425,|414,310,433,442,|474,309,499,447,|662,313,684,368,|805,361,922,513,|
frame200.jpg|6|167,302,224,467,|397,300,408,445,|418,302,440,429,|470,298,499,427,|662,322,694,382,|804,359,924,503,|
frame201.jpg|6|172,306,227,477,|396,301,405,416,|417,319,441,432,|469,293,506,429,|654,319,692,390,|805,347,912,505,|
frame202.jpg|6|164,302,221,465,|394,306,406,417,|418,311,438,418,|476,301,496,443,|662,326,691,392,|799,359,926,523,|
frame203.jpg|6|173,297,220,465,|397,302,400,415,|412,311,436,426,|472,297,504,435,|656,328,688,375,|805,356,927,514,|
frame204.jpg|6|173,299,228,469,|389,299,407,422,|415,309,434,424,|475,305,502,431,|647,324,683,379,|799,355,924,503,|
frame205.jpg|6|167,300,215,474,|390,302,405,414,|417,312,440,437,|469,306,502,426,|653,324,693,388,|810,368,912,502,|
frame206.jpg|6|168,299,219,459,|389,307,407,422,|413,305,433,425,|471,305,496,437,|651,322,682,370,|795,353,921,502,|
frame207.jpg|6|154,302,231,482,|388,298,402,417,|421,298,438,433,|464,302,503,440,|652,332,711,398,|801,361,911,499,|
frame208.jpg|6|167,303,227,476,|393,299,406,418,|414,309,434,420,|472,296,502,446,|661,329,697,391,|805,355,913,495,|
frame209.jpg|6|163,300,226,479,|393,293,402,417,|420,307,432,429,|468,297,502,429,|661,326,702,395,|796,361,920,506,|
frame210.jpg|6|166,294,218,470,|391,303,400,412,|417,303,434,427,|474,297,514,441,|654,329,689,396,|819,352,932,514,|
frame211.jpg|6|150,302,238,488,|387,303,405,409,|413,312,439,426,|478,298,508,447,|650,324,698,390,|810,357,928,513,|
frame212.jpg|6|165,305,225,482,|394,314,400,427,|421,309,433,427,|468,289,507,442,|659,329,693,381,|804,354,907,501,|
frame213.jpg|6|164,293,223,479,|393,304,406,425,|420,308,424,426,|477,307,505,421,|661,326,697,388,|800,348,914,502,|
frame214.jpg|6|157,297,219,468,|389,299,404,417,|416,310,435,434,|468,301,514,443,|649,324,687,382,|800,355,917,500,|
frame215.jpg|6|153,300,216,467,|391,292,403,411,|416,312,426,424,|479,298,522,435,|641,315,698,409,|796,357,922,502,|
frame216.jpg|6|152,303,226,467,|390,297,400,414,|414,301,437,424,|470,305,518,438,|655,321,695,389,|812,368,905,498,|
frame217.jpg|6|163,301,223,467,|396,302,406,423,|414,301,430,435,|464,301,509,443,|655,324,692,387,|799,360,907,510,|
frame218.jpg|6|152,296,225,473,|390,298,395,407,|417,300,439,436,|457,297,498,436,|660,328,694,373,|801,354,929,508,|
frame219.jpg|6|159,295,228,472,|385,299,405,420,|411,315,432,422,|464,284,507,425,|662,329,696,369,|807,358,906,503,|
frame220.jpg|6|159,297,218,462,|390,301,403,444,|411,310,435,424,|477,295,505,444,|663,320,712,392,|790,346,917,500,|
frame221.jpg|6|162,298,223,481,|392,301,398,419,|410,290,433,433,|472,312,512,436,|654,322,692,385,|786,360,918,510,|
frame222.jpg|6|161,300,218,461,|391,306,401,436,|404,299,433,412,|469,307,498,430,|657,321,701,381,|805,354,924,501,|
frame223.jpg|6|162,308,223,480,|387,304,400,414,|414,302,440,441,|479,305,508,428,|650,322,695,385,|804,358,928,505,|
frame224.jpg|6|154,300,230,484,|377,309,398,438,|415,306,433,433,|466,297,508,449,|659,321,693,381,|811,358,912,499,|
frame225.jpg|6|152,302,236,487,|388,306,402,410,|413,307,428,437,|469,304,506,435,|655,325,695,396,|803,356,915,494,|
frame226.jpg|6|153,300,222,476,|389,313,397,403,|410,303,436,423,|468,301,501,435,|657,316,675,372,|797,360,943,525,|
frame227.jpg|6|161,303,221,457,|377,300,399,417,|414,303,423,426,|473,298,518,442,|658,325,696,400,|801,365,907,501,|
frame228.jpg|6|159,296,218,465,|392,304,397,425,|414,306,436,435,|476,296,496,427,|667,318,695,382,|802,364,933,517,|
frame229.jpg|6|158,300,218,467,|388,302,396,421,|415,299,437,439,|463,296,510,435,|660,321,690,378,|796,356,908,501,|
frame230.jpg|6|154,293,216,470,|376,301,393,417,|416,291,441,438,|466,295,501,428,|661,329,688,376,|806,357,908,494,|
frame231.jpg|6|154,296,221,467,|393,296,397,418,|410,300,439,432,|471,303,503,425,|659,326,682,380,|801,362,917,493,|
frame232.jpg|6|155,298,226,478,|389,308,407,439,|415,285,431,434,|473,297,500,436,|668,335,691,373,|805,352,911,498,|
frame233.jpg|6|147,297,222,469,|389,297,398,411,|416,292,437,432,|472,302,503,433,|648,322,682,375,|795,357,912,513,|
frame234.jpg|6|160,303,246,470,|373,302,402,415,|419,290,438,427,|461,296,503,450,|660,332,700,376,|788,357,913,516,|
frame235.jpg|6|156,297,239,492,|376,304,400,411,|415,304,438,428,|461,292,502,432,|662,326,699,396,|806,364,915,497,|
frame236.jpg|6|167,309,227,479,|379,299,390,427,|418,298,434,426,|470,303,498,433,|657,329,691,375,|799,353,920,512,|
frame237.jpg|6|167,305,222,467,|384,299,402,420,|415,301,432,435,|466,308,502,431,|654,326,695,388,|795,356,914,506,|
frame238.jpg|6|166,305,233,489,|380,304,395,422,|413,300,435,426,|477,293,497,445,|651,320,688,379,|794,356,907,485,|
frame239.jpg|6|163,300,233,476,|377,302,410,433,|406,297,426,427,|473,301,504,435,|652,315,689,386,|807,360,913,502,|
frame240.jpg|6|158,301,222,474,|387,294,403,419,|409,306,436,423,|472,294,508,433,|642,320,698,406,|794,365,914,498,|
frame241.jpg|6|151,284,214,471,|374,299,396,423,|413,292,435,424,|474,295,510,445,|650,325,693,403,|810,359,915,501,|
frame242.jpg|6|163,294,235,471,|381,300,400,413,|408,300,438,431,|470,295,524,449,|649,310,693,405,|806,358,921,505,|
frame243.jpg|6|167,299,218,460,|377,299,394,415,|407,308,434,428,|467,307,505,434,|664,319,699,387,|807,350,919,512,|
frame244.jpg|6|163,300,224,481,|386,291,393,427,|410,302,430,421,|464,294,495,432,|649,327,698,400,|803,355,938,529,|
frame245.jpg|6|156,300,232,485,|389,299,401,429,|410,313,433,428,|468,293,508,433,|656,322,689,377,|801,348,918,518,|
frame246.jpg|6|167,306,223,464,|382,307,408,417,|409,293,434,433,|472,297,514,430,|641,321,699,404,|786,362,926,516,|
frame247.jpg|6|158,299,219,478,|379,307,403,415,|414,295,426,424,|474,311,516,438,|654,328,690,389,|795,359,920,513,|
frame248.jpg|6|162,306,218,476,|374,307,404,421,|413,298,434,434,|461,311,509,434,|649,328,700,397,|788,345,908,508,|
frame249.jpg|6|149,307,220,469,|389,306,404,420,|413,308,431,437,|464,291,501,445,|652,326,710,407,|795,360,919,517,|
frame250.jpg|6|162,309,220,476,|383,305,400,414,|410,297,437,423,|468,300,498,440,|644,334,694,396,|799,353,929,505,|
frame251.jpg|6|164,306,224,473,|389,307,401,425,|412,297,431,430,|475,302,510,435,|663,328,685,391,|801,362,918,510,|
frame252.jpg|6|165,312,222,486,|387,301,400,417,|411,302,432,425,|481,294,509,444,|654,329,707,399,|804,351,914,497,|
frame253.jpg|6|160,315,215,468,|386,310,402,422,|413,307,441,437,|478,298,505,433,|658,322,696,384,|797,360,914,494,|
frame254.jpg|6|159,311,222,466,|391,303,401,421,|411,296,434,425,|472,301,514,439,|663,328,697,389,|805,359,915,499,|
frame255.jpg|6|154,297,218,472,|387,309,408,415,|410,295,430,437,|466,308,505,436,|651,330,693,383,|807,347,913,493,|
frame256.jpg|6|159,320,219,470,|387,307,402,424,|413,300,443,421,|472,308,501,438,|659,329,694,389,|807,351,911,503,|
frame257.jpg|6|151,320,225,486,|381,307,400,421,|414,290,437,425,|479,287,507,434,|657,328,691,402,|809,358,911,503,|
frame258.jpg|6|156,319,226,464,|387,305,407,418,|407,304,432,419,|470,293,505,438,|650,327,697,392,|795,356,904,494,|
frame259.jpg|6|156,320,226,473,|380,300,404,430,|409,295,436,425,|470,293,504,432,|655,332,704,400,|809,356,912,506,|
frame260.jpg|7|154,326,214,473,|298,330,324,379,|386,302,401,425,|413,298,434,423,|469,281,504,426,|655,330,698,392,|802,356,909,496,|
frame261.jpg|6|152,321,222,479,|389,309,407,421,|407,295,434,431,|474,312,503,431,|649,334,696,395,|811,351,908,494,|
frame262.jpg|6|151,326,226,488,|383,297,402,421,|411,297,433,453,|468,297,506,435,|655,327,701,406,|786,353,915,508,|
frame263.jpg|6|154,322,219,463,|384,302,405,423,|408,298,437,424,|472,296,513,433,|660,318,698,396,|799,360,916,501,|
frame264.jpg|6|150,311,225,470,|384,305,403,424,|411,293,430,423,|473,299,510,437,|654,331,715,398,|806,360,913,503,|
frame265.jpg|6|151,327,216,468,|387,302,400,414,|410,299,438,428,|474,297,514,434,|646,326,692,384,|796,358,910,509,|
frame266.jpg|6|153,336,227,469,|385,304,405,427,|413,291,435,421,|472,298,498,430,|654,327,700,385,|795,351,909,500,|
frame267.jpg|6|147,341,212,464,|388,307,402,427,|409,298,439,424,|474,299,507,440,|653,322,697,386,|800,364,917,502,|
frame268.jpg|6|147,331,226,467,|387,292,402,424,|414,296,435,422,|473,298,506,433,|651,329,696,395,|796,364,924,502,|
frame269.jpg|6|153,345,222,465,|383,304,397,419,|411,298,441,433,|470,302,511,445,|666,320,706,401,|806,362,910,504,|
frame270.jpg|6|154,335,222,471,|389,305,399,413,|416,300,438,436,|471,299,503,433,|659,334,702,399,|806,355,910,503,|
frame271.jpg|6|145,340,213,470,|386,293,402,419,|412,301,439,424,|474,305,511,441,|654,328,701,399,|796,362,917,514,|
frame272.jpg|6|141,328,221,470,|389,303,402,413,|410,302,433,423,|471,305,507,440,|652,330,698,394,|804,362,918,492,|
frame273.jpg|6|149,338,215,460,|385,306,400,434,|413,301,437,421,|472,298,508,439,|658,323,702,410,|798,361,913,489,|
frame274.jpg|6|139,341,221,466,|385,300,408,421,|410,295,430,422,|475,303,512,433,|659,326,687,392,|806,363,913,506,|
frame275.jpg|6|156,340,218,468,|390,300,406,412,|408,303,438,428,|474,299,508,427,|651,330,691,400,|790,360,905,498,|
frame276.jpg|6|144,346,223,464,|384,312,395,415,|411,299,437,419,|477,305,501,431,|658,331,689,403,|809,361,914,505,|
frame277.jpg|6|152,343,225,472,|390,304,397,417,|410,304,431,429,|471,302,505,430,|663,327,685,403,|808,353,909,493,|
frame278.jpg|6|145,347,220,478,|385,308,395,413,|414,304,435,421,|474,304,498,435,|656,325,690,389,|809,361,908,505,|
frame279.jpg|6|147,343,221,471,|388,308,402,417,|412,305,436,418,|474,308,505,443,|657,324,684,392,|808,354,915,505,|
frame280.jpg|6|149,344,212,449,|390,300,412,432,|414,296,432,433,|474,298,510,433,|651,332,694,384,|808,348,917,501,|
frame281.jpg|6|156,343,215,466,|386,304,399,442,|412,301,439,426,|479,297,500,437,|657,330,693,373,|815,356,913,501,|
frame282.jpg|6|140,347,218,469,|387,300,405,424,|408,303,439,431,|478,298,520,445,|657,327,698,386,|794,359,918,512,|
frame283.jpg|6|147,338,222,469,|381,303,397,423,|409,297,436,433,|484,306,516,430,|663,328,693,388,|811,351,919,505,|
frame284.jpg|6|152,335,227,475,|390,301,398,425,|412,300,441,435,|485,303,510,435,|660,319,695,386,|808,355,915,507,|
frame285.jpg|6|143,332,226,484,|381,303,398,411,|413,304,435,432,|479,294,514,434,|660,332,698,379,|799,369,924,512,|
frame286.jpg|6|151,326,222,470,|385,303,395,419,|407,296,437,424,|480,297,512,432,|661,326,703,398,|809,355,935,519,|
frame287.jpg|6|148,326,234,460,|389,306,401,417,|406,295,435,421,|475,300,513,431,|653,325,709,395,|801,359,920,512,|
frame288.jpg|6|153,332,224,466,|385,302,404,420,|408,299,434,426,|481,292,512,441,|662,324,691,395,|804,349,919,502,|
frame289.jpg|6|147,323,218,475,|386,304,404,425,|405,298,427,437,|480,304,517,443,|662,329,691,381,|804,354,923,514,|
frame290.jpg|6|147,322,217,463,|383,303,406,425,|411,298,433,426,|478,296,506,434,|653,320,693,394,|802,358,933,518,|
frame291.jpg|6|141,318,226,483,|383,302,408,418,|411,296,436,425,|478,302,510,438,|662,325,691,394,|803,350,912,513,|
frame292.jpg|6|145,319,227,475,|387,303,400,427,|412,298,438,437,|484,297,511,443,|655,318,688,385,|794,348,904,500,|
frame293.jpg|6|144,319,230,485,|378,298,403,423,|410,301,436,425,|482,298,513,440,|655,328,691,393,|801,346,922,513,|
frame294.jpg|6|145,309,221,469,|393,302,403,421,|410,296,433,432,|484,286,515,444,|657,325,690,391,|802,360,922,506,|
frame295.jpg|6|147,314,218,477,|391,301,406,430,|409,302,430,422,|486,302,530,455,|654,327,686,399,|802,360,914,504,|
frame296.jpg|6|145,304,214,462,|389,306,405,426,|409,303,436,421,|481,294,512,432,|665,332,697,398,|807,363,913,503,|
frame297.jpg|6|150,312,217,479,|391,302,404,415,|407,287,438,437,|481,305,519,437,|657,320,678,372,|794,361,914,497,|
frame298.jpg|6|153,308,218,467,|388,307,397,427,|406,302,438,444,|479,296,523,430,|661,331,684,374,|789,352,913,498,|
frame299.jpg|6|141,307,216,475,|392,302,398,416,|409,295,440,425,|482,301,512,434,|657,334,682,379,|810,361,912,498,|
frame300.jpg|6|146,307,211,456,|395,303,406,419,|410,310,435,416,|480,303,510,434,|661,330,689,381,|804,360,909,508,|
frame301.jpg|6|157,306,210,451,|394,310,404,420,|417,295,435,430,|481,294,516,436,|660,337,688,381,|811,356,911,498,|
frame302.jpg|6|144,301,224,466,|382,312,397,433,|405,298,433,434,|480,304,515,439,|658,331,695,393,|816,357,917,510,|
frame303.jpg|6|142,306,216,486,|390,313,404,431,|406,302,432,424,|485,297,515,445,|661,330,693,394,|795,353,904,496,|
frame304.jpg|6|145,306,218,483,|374,305,409,421,|415,298,429,411,|483,304,532,447,|649,325,679,371,|789,351,920,519,|
frame305.jpg|6|165,295,214,462,|389,304,400,418,|410,306,430,440,|484,306,517,436,|651,317,705,403,|805,353,911,512,|
frame306.jpg|6|144,297,220,460,|387,303,398,421,|405,293,427,433,|474,292,513,429,|650,333,693,396,|798,323,921,520,|
frame307.jpg|7|164,305,206,459,|297,340,327,395,|395,312,402,420,|407,298,433,435,|482,299,511,445,|657,327,694,403,|802,361,918,512,|
frame308.jpg|7|156,298,215,464,|299,336,328,388,|392,309,401,419,|410,295,429,433,|484,303,503,446,|663,321,694,389,|799,362,930,516,|
frame309.jpg|7|157,302,213,472,|300,335,326,390,|386,302,402,419,|409,301,436,442,|475,302,508,432,|649,326,692,396,|813,361,907,494,|
frame310.jpg|7|153,302,210,457,|299,338,325,375,|390,312,394,415,|410,292,432,423,|486,303,509,445,|658,327,699,393,|805,360,906,499,|
frame311.jpg|7|161,314,219,464,|301,336,312,374,|393,307,405,423,|416,299,439,421,|481,283,519,425,|659,335,686,391,|802,362,912,507,|
frame312.jpg|6|156,300,213,470,|395,302,397,426,|406,291,434,432,|480,305,509,444,|663,331,685,382,|798,357,906,505,|
frame313.jpg|6|155,299,217,447,|391,304,397,416,|410,300,429,429,|485,303,496,432,|655,330,684,390,|800,353,917,497,|
frame314.jpg|6|157,299,214,462,|389,305,394,429,|411,293,431,417,|489,295,507,432,|657,328,688,380,|804,362,916,491,|
frame315.jpg|6|154,297,215,466,|393,302,393,413,|406,301,429,433,|486,295,508,442,|658,323,696,404,|804,347,914,501,|
frame316.jpg|6|152,300,210,467,|382,307,400,416,|405,298,427,423,|481,302,506,442,|656,318,686,371,|792,359,914,494,|
frame317.jpg|6|149,289,209,458,|394,309,398,432,|404,306,424,428,|479,304,503,437,|660,332,700,383,|799,353,909,492,|
frame318.jpg|6|156,297,223,479,|385,311,398,409,|405,304,423,423,|491,303,517,447,|660,325,687,381,|802,362,914,498,|
frame319.jpg|6|155,303,211,461,|389,301,389,412,|403,299,427,424,|483,296,507,416,|659,330,697,393,|802,351,914,515,|
frame320.jpg|6|153,291,214,475,|388,304,397,437,|405,296,420,419,|481,310,521,431,|654,325,684,378,|809,349,919,516,|
frame321.jpg|6|164,298,211,416,|393,297,397,434,|410,287,438,451,|485,299,522,446,|656,320,689,385,|804,354,916,490,|
frame322.jpg|6|157,304,210,453,|391,302,397,416,|405,295,430,431,|477,290,520,431,|658,326,693,375,|807,364,914,505,|
frame323.jpg|6|145,298,221,474,|390,299,401,419,|407,304,428,430,|480,298,517,434,|662,330,685,370,|803,357,914,514,|
frame324.jpg|6|152,303,204,456,|381,303,393,442,|404,303,426,424,|484,293,515,451,|664,322,688,390,|801,359,910,502,|
frame325.jpg|6|156,298,209,457,|395,298,397,428,|408,292,434,424,|482,296,510,433,|672,323,699,372,|806,358,913,502,|
frame326.jpg|6|149,297,221,463,|393,302,393,412,|402,302,434,427,|477,299,512,430,|652,327,701,384,|794,356,921,510,|
frame327.jpg|6|157,306,217,466,|391,306,399,416,|409,304,432,431,|482,303,506,433,|665,319,698,382,|800,354,909,507,|
frame328.jpg|6|158,311,217,460,|391,297,397,417,|404,303,435,451,|481,303,513,441,|659,327,694,382,|799,359,910,501,|
frame329.jpg|6|146,296,221,468,|390,299,394,421,|405,301,434,434,|479,307,510,437,|653,331,688,381,|803,359,910,502,|
frame330.jpg|6|145,300,213,468,|387,301,396,415,|405,306,432,422,|478,297,503,440,|656,331,695,379,|807,365,909,490,|
frame331.jpg|6|147,310,220,452,|388,303,394,414,|403,298,427,422,|479,303,502,437,|657,322,684,385,|807,359,907,498,|
frame332.jpg|6|152,306,223,466,|384,302,396,429,|405,299,429,412,|471,296,514,452,|656,341,698,378,|811,358,918,503,|
frame333.jpg|6|148,313,216,465,|388,306,397,435,|406,298,430,429,|487,301,502,451,|656,330,690,368,|813,362,901,495,|
frame334.jpg|6|153,301,220,468,|392,303,405,423,|404,298,428,424,|481,301,505,432,|660,332,695,367,|801,359,911,497,|
frame335.jpg|6|148,296,211,452,|390,305,402,423,|405,306,434,435,|481,297,509,458,|656,324,685,359,|808,349,912,495,|
frame336.jpg|6|150,302,219,473,|390,302,399,414,|406,305,430,437,|476,302,509,411,|659,324,684,378,|790,363,922,512,|
frame337.jpg|6|152,308,214,469,|384,303,393,414,|408,297,423,423,|480,291,508,451,|653,292,691,385,|805,360,906,499,|
frame338.jpg|8|154,303,207,444,|302,331,321,384,|393,302,391,435,|406,305,433,425,|482,298,509,446,|565,315,584,370,|659,327,692,392,|809,349,917,502,|
frame339.jpg|8|143,299,201,457,|300,328,324,387,|391,303,400,422,|403,301,434,425,|485,301,510,442,|563,308,577,373,|654,331,687,396,|798,363,914,508,|
frame340.jpg|8|148,301,208,458,|298,333,313,388,|384,302,402,421,|406,292,433,426,|474,299,508,430,|564,321,576,370,|664,312,688,391,|802,361,921,507,|
frame341.jpg|8|145,301,202,446,|297,326,319,384,|388,302,400,420,|405,303,432,422,|486,303,514,435,|566,315,582,378,|659,328,697,392,|799,369,911,514,|
frame342.jpg|8|147,302,213,471,|301,325,324,392,|389,302,392,422,|404,297,430,420,|488,303,507,440,|565,312,577,373,|647,322,686,397,|791,353,910,511,|
frame343.jpg|8|145,306,203,457,|296,332,329,397,|391,297,394,420,|404,308,434,437,|483,310,515,435,|556,315,588,395,|655,327,687,382,|803,357,912,499,|
frame344.jpg|8|147,306,208,458,|301,329,317,379,|391,307,399,426,|404,303,433,439,|475,300,501,439,|558,310,577,381,|655,324,698,393,|803,357,910,497,|
frame345.jpg|8|155,305,211,466,|298,325,324,388,|388,309,393,425,|403,307,432,426,|477,307,503,436,|563,318,587,390,|658,321,705,421,|798,357,913,504,|
frame346.jpg|8|145,312,195,455,|296,335,332,387,|387,309,403,427,|403,305,440,434,|473,298,508,442,|561,313,582,386,|658,331,695,391,|801,361,904,501,|
frame347.jpg|8|147,310,188,453,|301,327,327,385,|391,308,395,413,|402,308,436,434,|477,302,508,438,|558,317,586,381,|648,333,688,401,|805,360,912,515,|
frame348.jpg|7|149,309,205,457,|380,305,393,413,|403,301,438,436,|479,307,512,442,|559,315,581,393,|655,324,691,388,|799,354,914,504,|
frame349.jpg|7|142,310,198,460,|385,303,394,429,|402,294,436,430,|476,304,517,435,|560,314,583,386,|656,323,698,387,|795,352,906,502,|
frame350.jpg|7|157,303,207,458,|385,313,393,418,|401,302,435,434,|471,287,512,441,|560,313,586,386,|655,326,703,396,|800,352,916,503,|
frame351.jpg|7|140,307,205,464,|386,311,394,428,|404,310,435,432,|477,296,511,454,|557,314,577,377,|655,330,696,398,|795,359,904,500,|
frame352.jpg|8|158,325,205,455,|301,334,333,409,|386,299,397,423,|399,306,435,435,|479,299,510,437,|557,313,575,374,|652,325,689,392,|798,356,925,523,|
frame353.jpg|7|155,323,201,444,|384,306,396,420,|399,302,434,434,|480,303,512,442,|558,315,577,379,|656,326,701,394,|797,362,914,502,|
frame354.jpg|8|143,314,190,460,|302,333,324,384,|386,302,396,426,|399,298,431,424,|478,299,514,442,|557,315,571,379,|656,327,690,392,|800,365,913,511,|
frame355.jpg|7|154,322,204,465,|385,308,399,414,|404,310,429,425,|474,299,508,431,|558,313,574,380,|651,322,689,403,|801,357,910,506,|
frame356.jpg|7|138,316,202,454,|386,309,396,408,|395,312,434,443,|472,294,510,437,|559,316,573,380,|657,335,687,383,|804,361,913,501,|
frame357.jpg|8|146,322,208,451,|295,331,323,390,|394,306,403,416,|400,306,434,425,|471,319,510,434,|556,320,582,396,|658,329,697,392,|801,357,910,501,|
frame358.jpg|7|154,323,202,455,|376,306,402,428,|396,310,431,415,|467,299,510,436,|555,303,575,386,|652,323,695,400,|798,359,907,496,|
frame359.jpg|7|155,332,206,442,|387,305,400,424,|393,295,431,419,|469,300,504,425,|550,308,573,395,|659,331,689,401,|806,355,908,503,|
frame360.jpg|6|151,321,213,449,|389,309,431,427,|474,302,503,440,|550,315,575,388,|660,324,699,399,|799,360,916,501,|
frame361.jpg|6|155,331,220,461,|389,307,438,425,|468,284,500,436,|547,313,567,391,|658,332,697,399,|792,363,912,508,|
frame362.jpg|6|156,335,209,453,|384,311,429,429,|466,299,499,436,|551,311,564,390,|658,327,693,390,|792,350,921,518,|
frame363.jpg|7|143,338,205,454,|300,332,318,383,|383,304,438,447,|463,306,499,432,|551,314,570,387,|655,329,686,385,|790,364,907,507,|
frame364.jpg|6|152,339,210,446,|384,312,431,417,|461,296,510,427,|546,310,566,382,|653,328,687,402,|804,357,918,521,|
frame365.jpg|7|152,341,201,453,|304,329,325,393,|385,304,434,424,|461,305,505,439,|550,316,573,382,|656,327,688,395,|809,361,916,511,|
frame366.jpg|7|154,335,204,457,|300,329,327,393,|389,303,429,420,|457,309,499,430,|546,318,567,379,|659,338,687,415,|806,353,913,503,|
frame367.jpg|7|143,325,208,447,|298,334,330,388,|384,300,428,420,|459,296,499,434,|547,319,572,389,|657,325,692,392,|811,359,901,508,|
frame368.jpg|8|144,335,221,454,|297,330,325,393,|389,303,430,422,|462,296,504,434,|546,312,571,385,|658,332,691,390,|795,364,914,499,|996,327,1010,372,|
frame369.jpg|8|159,334,208,426,|295,326,317,376,|386,301,431,425,|452,302,507,440,|543,316,573,375,|654,323,697,395,|799,353,915,501,|993,329,1012,376,|
frame370.jpg|8|149,338,208,457,|295,338,324,393,|390,297,424,435,|460,290,503,437,|542,313,572,382,|648,327,696,397,|793,350,930,531,|998,320,1010,384,|
frame371.jpg|8|150,339,210,444,|299,329,317,382,|387,305,432,427,|457,296,493,431,|546,319,569,385,|654,333,688,393,|799,350,912,502,|993,331,1021,392,|
frame372.jpg|7|156,336,209,449,|388,305,428,426,|448,292,497,438,|543,318,568,386,|663,326,692,381,|805,352,912,503,|997,328,1013,379,|
frame373.jpg|7|153,341,208,444,|393,303,423,423,|455,304,503,437,|547,317,576,373,|658,325,693,401,|799,360,913,507,|991,325,1016,386,|
frame374.jpg|7|152,340,207,443,|385,295,422,437,|450,300,502,428,|658,333,696,404,|543,316,577,377,|808,357,915,495,|995,327,1020,384,|
frame375.jpg|8|156,326,206,445,|304,326,322,379,|393,299,419,421,|449,302,505,431,|542,313,571,395,|659,328,680,406,|798,363,922,522,|996,333,1014,389,|
frame376.jpg|7|153,334,209,448,|380,301,419,434,|455,294,496,431,|545,309,582,394,|660,318,695,392,|797,349,919,508,|994,321,1022,404,|
frame377.jpg|7|152,333,207,448,|386,303,412,419,|454,313,500,429,|551,324,576,387,|663,327,695,394,|805,361,908,502,|994,320,1018,389,|
frame378.jpg|8|151,326,202,446,|309,332,326,382,|387,304,408,429,|453,296,497,445,|546,316,573,388,|664,326,701,390,|811,363,905,506,|996,330,1017,379,|
frame379.jpg|7|156,333,218,463,|385,312,416,436,|453,299,490,431,|547,321,567,385,|660,328,690,397,|805,345,918,506,|1001,311,1022,387,|
frame380.jpg|7|151,327,205,449,|383,306,409,415,|456,300,494,446,|544,323,574,396,|669,326,686,403,|803,356,832,529,|1000,323,1019,398,|
frame381.jpg|7|144,323,230,462,|390,297,418,427,|445,299,491,448,|545,323,569,382,|661,335,691,396,|801,352,914,512,|995,320,1025,385,|
frame382.jpg|8|148,327,212,450,|296,323,323,389,|390,308,410,418,|455,314,496,440,|547,323,580,388,|664,333,690,420,|800,356,908,505,|908,505,1028,391,|
frame383.jpg|8|153,320,193,457,|301,329,324,384,|393,297,420,435,|446,299,489,438,|550,330,575,378,|657,326,688,410,|813,353,915,503,|996,321,1014,374,|
frame384.jpg|8|151,315,202,446,|306,325,328,381,|394,303,419,413,|447,296,490,439,|542,315,584,384,|652,320,697,419,|808,356,916,498,|985,327,1021,380,|
frame385.jpg|8|155,317,207,450,|301,316,326,399,|390,296,417,422,|452,294,503,440,|550,330,579,383,|659,326,683,411,|810,360,913,501,|1004,318,998,356,|
frame386.jpg|7|297,318,331,393,|389,297,419,433,|441,283,490,443,|542,316,580,391,|654,329,691,416,|806,349,912,506,|996,322,1023,383,|
frame387.jpg|8|150,311,215,432,|300,332,323,400,|390,301,415,420,|453,288,492,433,|551,327,582,392,|667,328,696,397,|807,351,914,503,|995,324,1013,380,|
frame388.jpg|8|153,317,207,450,|307,339,330,373,|393,302,418,443,|447,303,477,418,|546,324,576,389,|666,328,701,414,|805,363,916,512,|1000,324,1018,392,|
frame389.jpg|8|153,317,202,450,|296,333,322,369,|384,291,417,455,|443,301,483,430,|548,327,581,395,|656,324,697,410,|807,363,920,505,|997,327,1036,383,|
frame390.jpg|8|159,305,207,459,|296,328,320,385,|376,304,414,417,|450,300,496,456,|548,328,579,378,|658,329,697,396,|797,356,925,507,|997,334,1023,392,|
frame391.jpg|8|152,306,196,437,|296,333,321,388,|386,297,409,422,|454,298,490,440,|544,329,580,390,|664,324,687,388,|817,357,913,494,|996,322,1017,381,|
frame392.jpg|8|151,295,207,461,|298,336,318,379,|393,302,417,431,|457,293,486,433,|545,324,574,378,|657,318,685,415,|807,360,918,510,|998,327,1013,381,|
frame393.jpg|8|152,301,202,433,|301,331,319,379,|388,298,430,430,|452,301,483,438,|549,327,577,377,|666,326,688,386,|802,364,919,514,|992,328,1015,380,|
frame394.jpg|8|149,300,209,462,|297,327,319,386,|390,304,414,427,|453,301,482,439,|545,330,578,384,|658,324,690,387,|813,353,915,500,|991,323,1017,380,|
frame395.jpg|8|152,300,206,445,|300,333,321,381,|390,303,421,421,|446,298,489,435,|546,322,578,378,|652,328,692,398,|803,356,915,501,|989,318,1018,390,|
frame396.jpg|8|162,294,197,450,|300,329,319,377,|395,294,413,427,|441,300,485,416,|546,326,579,380,|661,319,684,389,|805,359,925,519,|993,330,1022,391,|
frame397.jpg|7|159,309,205,441,|379,307,406,429,|441,299,477,429,|547,324,592,393,|663,325,696,404,|800,350,914,496,|997,327,1017,380,|
frame398.jpg|8|171,300,214,435,|304,321,318,378,|382,304,428,439,|453,294,490,444,|660,333,698,406,|538,323,585,397,|817,363,910,490,|993,320,1008,380,|
frame399.jpg|7|159,309,209,445,|388,303,416,422,|452,300,487,449,|550,328,570,382,|654,327,692,407,|812,355,919,515,|998,331,1011,380,|
frame400.jpg|7|153,306,199,451,|383,299,411,419,|453,300,485,437,|550,320,575,396,|652,332,696,379,|811,356,909,501,|994,332,1016,370,|
frame401.jpg|8|152,302,204,456,|297,325,325,386,|383,305,424,426,|447,298,484,432,|546,322,578,376,|656,331,696,385,|793,351,918,503,|991,329,1010,372,|
frame402.jpg|8|154,300,201,444,|305,325,332,384,|387,298,421,417,|451,296,486,437,|545,319,579,376,|660,324,689,396,|814,357,922,501,|985,328,1010,361,|
frame403.jpg|8|150,303,201,446,|296,331,320,374,|378,300,419,415,|453,308,487,427,|546,327,579,391,|658,336,710,404,|790,364,914,504,|988,329,1010,374,|
frame404.jpg|8|155,300,196,446,|299,330,323,375,|383,311,417,418,|455,307,484,431,|544,322,570,368,|652,324,686,399,|816,356,917,506,|988,329,1008,371,|
frame405.jpg|7|156,305,210,458,|376,304,416,432,|451,302,485,434,|549,320,580,381,|652,329,682,399,|811,359,923,510,|981,333,1010,379,|
frame406.jpg|7|148,285,204,445,|295,332,325,380,|382,300,419,416,|448,298,492,443,|542,313,568,376,|658,329,698,401,|801,354,916,507,|
frame407.jpg|7|154,302,212,439,|389,297,427,431,|446,298,486,439,|543,319,576,381,|658,314,701,395,|799,365,920,506,|987,325,1007,369,|
frame408.jpg|7|148,296,199,444,|390,305,418,433,|454,288,478,423,|545,318,573,370,|655,327,693,394,|795,360,915,512,|984,330,1015,377,|
frame409.jpg|7|148,294,206,432,|379,299,412,418,|447,302,487,429,|541,325,581,389,|659,330,694,412,|806,361,913,501,|988,329,1013,370,|
frame410.jpg|7|141,299,205,455,|379,298,404,419,|449,297,480,429,|544,321,577,401,|651,323,696,392,|810,355,914,507,|984,318,1011,371,|
frame411.jpg|7|147,297,211,452,|378,299,414,421,|453,296,483,445,|547,316,584,384,|656,325,688,385,|806,350,913,502,|990,325,1012,374,|
frame412.jpg|7|145,300,202,442,|386,292,415,417,|442,290,490,436,|547,313,580,386,|657,324,691,387,|801,371,918,508,|989,328,1019,388,|
frame413.jpg|7|140,306,205,437,|377,297,416,424,|451,290,481,435,|546,319,575,370,|665,320,701,391,|803,354,922,509,|985,324,1015,383,|
frame414.jpg|7|147,299,200,448,|378,304,410,426,|456,297,479,442,|548,326,580,385,|658,326,694,394,|809,355,923,509,|981,329,1013,374,|
frame415.jpg|8|141,299,201,446,|296,331,319,375,|380,298,415,426,|447,288,484,440,|548,316,575,385,|658,328,686,393,|806,358,925,508,|982,331,1010,370,|
frame416.jpg|6|154,306,204,447,|377,303,415,422,|452,297,492,441,|548,322,575,377,|668,326,691,398,|804,361,917,516,|
frame417.jpg|7|143,296,211,458,|303,326,325,385,|380,299,420,423,|439,297,488,449,|549,324,575,384,|652,331,698,406,|814,361,928,507,|
frame418.jpg|7|149,302,211,446,|295,325,323,383,|376,297,415,417,|440,285,485,444,|548,323,589,409,|652,331,690,396,|804,357,917,510,|
frame419.jpg|7|144,287,208,439,|301,326,328,379,|373,293,412,422,|448,295,484,445,|548,323,566,390,|669,320,689,387,|812,363,910,498,|
frame420.jpg|7|145,294,208,437,|301,326,331,383,|377,291,410,416,|439,301,480,435,|548,310,575,395,|664,324,703,388,|811,357,898,488,|
frame421.jpg|6|142,306,203,461,|377,295,414,424,|445,304,484,449,|659,333,685,373,|547,323,574,380,|805,362,909,495,|
frame422.jpg|7|148,302,198,448,|302,317,326,382,|377,299,413,424,|447,296,477,440,|550,320,570,380,|661,327,684,382,|796,360,913,498,|
frame423.jpg|7|143,300,195,442,|301,326,325,384,|374,302,418,434,|439,301,478,435,|548,319,573,385,|652,328,694,379,|795,364,907,502,|
frame424.jpg|6|148,302,200,462,|366,300,405,420,|449,301,481,431,|547,315,566,384,|662,323,690,372,|798,357,912,496,|
frame425.jpg|7|147,296,205,447,|298,330,328,384,|370,294,421,433,|443,290,478,439,|549,318,575,378,|655,328,686,401,|796,357,915,506,|
frame426.jpg|6|143,302,201,449,|373,302,414,421,|441,284,487,443,|549,319,583,380,|656,320,691,378,|804,363,912,504,|
frame427.jpg|7|140,305,199,444,|301,331,328,390,|372,295,418,424,|435,300,479,433,|547,313,571,385,|654,325,687,382,|797,357,921,512,|
frame428.jpg|7|150,304,206,440,|296,317,320,386,|372,301,410,423,|436,298,477,439,|552,316,577,377,|650,313,691,390,|808,353,918,514,|
frame429.jpg|5|145,296,198,441,|365,302,409,433,|437,299,480,444,|546,318,570,381,|800,357,916,521,|
frame430.jpg|7|149,298,201,444,|300,330,317,385,|374,301,410,421,|436,290,473,438,|549,317,570,386,|655,325,695,383,|796,359,914,504,|
frame431.jpg|7|148,311,212,449,|294,327,324,390,|377,302,419,429,|431,301,478,447,|552,316,580,387,|655,329,696,399,|799,366,913,503,|
frame432.jpg|5|145,302,205,458,|370,300,415,419,|430,300,479,434,|544,314,570,372,|641,321,797,369,|910,512,
frame433.jpg|7|156,306,203,455,|296,333,328,383,|373,284,416,418,|428,310,478,442,|549,318,589,392,|652,328,692,395,|796,356,920,505,|
frame434.jpg|7|149,307,197,449,|299,329,330,396,|372,298,416,421,|427,294,478,431,|551,329,576,381,|648,327,689,398,|794,362,915,508,|
frame435.jpg|7|150,303,202,450,|297,325,325,387,|367,303,412,420,|437,297,474,438,|546,313,580,389,|652,327,690,390,|798,360,922,517,|
frame436.jpg|7|148,305,196,448,|300,319,331,385,|362,297,410,417,|435,311,478,441,|548,310,574,376,|655,322,685,391,|804,363,911,496,|
frame437.jpg|7|151,300,197,440,|300,326,333,384,|362,298,407,423,|430,312,481,438,|551,319,573,372,|652,328,696,393,|803,361,917,511,|
frame438.jpg|6|150,307,195,439,|372,299,410,428,|434,296,474,433,|553,314,589,389,|647,334,686,391,|819,359,916,497,|
frame439.jpg|6|151,309,216,446,|379,305,408,424,|429,301,475,437,|553,316,575,379,|655,332,687,390,|807,362,927,512,|
frame440.jpg|6|158,309,200,447,|377,301,407,422,|434,311,481,439,|548,313,573,383,|656,329,688,386,|810,363,919,498,|
frame441.jpg|6|150,309,207,456,|376,298,411,411,|433,291,483,431,|549,309,572,370,|646,332,694,391,|805,363,919,506,|
frame442.jpg|6|154,311,208,457,|371,310,412,411,|431,299,488,444,|546,317,561,379,|653,332,710,398,|814,357,917,515,|
frame443.jpg|7|150,308,199,443,|295,335,321,383,|370,286,412,418,|427,296,485,442,|549,314,577,389,|659,327,696,397,|810,366,920,498,|
frame444.jpg|7|161,316,201,447,|300,329,323,382,|377,298,411,413,|428,302,479,454,|545,306,591,398,|649,329,691,404,|799,366,915,511,|
frame445.jpg|7|149,322,204,445,|299,326,320,381,|379,305,406,422,|428,300,478,452,|545,316,582,385,|662,309,692,385,|800,358,909,495,|
frame446.jpg|7|141,312,212,445,|302,325,328,379,|377,294,410,417,|437,295,480,449,|549,317,580,380,|792,365,921,504,|658,331,712,401,|
frame447.jpg|7|137,314,203,454,|294,333,324,398,|378,296,415,430,|435,299,474,438,|552,320,576,372,|652,328,692,398,|799,365,915,510,|
frame448.jpg|7|157,315,212,452,|299,334,328,394,|382,300,404,410,|434,302,473,444,|551,316,575,386,|660,329,688,390,|795,370,920,513,|
frame449.jpg|7|146,315,200,442,|300,329,325,390,|375,285,407,421,|426,302,478,453,|552,309,573,404,|647,336,691,413,|801,353,917,500,|
frame450.jpg|7|139,313,204,451,|295,327,320,382,|377,291,410,424,|428,304,480,455,|548,314,576,389,|654,326,693,410,|798,366,923,508,|
frame451.jpg|6|126,318,209,462,|384,302,406,422,|432,284,483,441,|545,317,579,418,|649,326,692,402,|805,362,917,522,|
frame452.jpg|6|141,320,202,446,|380,307,403,419,|433,292,484,432,|552,320,573,386,|645,333,695,410,|806,369,916,508,|
frame453.jpg|6|138,326,194,448,|376,299,405,428,|428,300,480,440,|548,315,570,374,|655,327,688,392,|804,361,915,514,|
frame454.jpg|6|148,322,205,441,|371,300,413,434,|434,299,491,452,|548,312,571,386,|656,332,684,380,|813,360,908,495,|
frame455.jpg|6|140,328,201,430,|378,305,406,425,|434,297,485,463,|548,306,569,392,|658,328,701,403,|798,362,916,511,|
frame456.jpg|6|144,331,204,438,|368,303,405,422,|427,290,487,445,|549,314,570,388,|665,331,693,381,|799,356,904,504,|
frame457.jpg|6|146,329,201,439,|383,304,415,435,|433,306,490,449,|545,311,580,394,|655,328,694,398,|795,350,925,518,|
frame458.jpg|6|137,337,196,439,|370,301,418,447,|434,302,481,442,|547,314,579,395,|652,337,697,404,|794,366,907,502,|
frame459.jpg|6|138,338,198,437,|376,300,416,432,|435,307,479,439,|547,310,568,382,|648,340,687,394,|784,368,912,506,|
frame460.jpg|6|144,334,199,453,|378,306,412,448,|437,300,491,433,|544,313,571,381,|646,331,691,397,|804,368,929,531,|
frame461.jpg|6|147,339,207,444,|371,304,409,430,|438,300,485,436,|552,308,570,392,|659,322,691,388,|798,359,935,509,|
frame462.jpg|6|141,336,210,453,|381,304,401,426,|442,294,489,450,|550,321,567,368,|656,331,688,383,|813,368,909,500,|
frame463.jpg|6|141,335,206,460,|384,304,410,423,|438,290,486,445,|548,318,573,378,|657,330,693,392,|815,361,909,503,|
frame464.jpg|6|138,337,197,435,|368,312,405,434,|442,297,487,440,|548,313,580,386,|657,336,697,396,|808,367,909,505,|
frame465.jpg|6|143,342,203,453,|377,302,412,416,|445,309,493,451,|547,311,575,383,|652,327,688,384,|803,348,916,502,|
frame466.jpg|6|137,336,197,452,|383,285,424,438,|437,283,478,435,|540,315,582,400,|661,326,681,379,|795,354,912,518,|
frame467.jpg|6|127,341,214,451,|382,308,409,421,|443,303,482,442,|544,319,587,389,|657,331,691,399,|799,356,920,508,|
frame468.jpg|6|134,326,217,462,|373,305,407,439,|438,307,486,434,|536,320,577,379,|661,331,688,376,|786,350,912,515,|
frame469.jpg|6|116,341,221,465,|387,302,413,420,|437,296,490,449,|546,318,570,384,|658,328,685,378,|800,360,908,510,|
frame470.jpg|6|142,343,202,453,|389,304,408,416,|455,293,486,449,|545,314,578,382,|663,335,691,384,|813,370,908,502,|
frame471.jpg|6|149,346,210,434,|382,302,416,425,|454,301,486,436,|547,312,580,388,|663,334,692,380,|809,371,889,476,|
frame472.jpg|6|133,334,209,462,|382,298,407,424,|454,296,489,440,|543,313,577,376,|660,328,677,387,|817,367,929,519,|
frame473.jpg|6|141,339,203,446,|397,307,419,420,|441,299,491,432,|549,314,576,384,|660,335,689,380,|807,349,912,494,|
frame474.jpg|6|140,328,200,453,|397,313,416,410,|449,283,488,435,|545,319,578,378,|660,330,698,402,|812,363,913,501,|
frame475.jpg|6|143,330,205,442,|389,302,419,420,|454,314,489,448,|541,314,570,381,|659,316,697,396,|811,367,914,499,|
frame476.jpg|7|141,333,196,450,|293,326,327,381,|391,293,422,424,|455,299,487,422,|546,306,566,378,|651,324,685,381,|803,362,921,503,|
frame477.jpg|6|144,331,204,457,|382,285,413,421,|452,310,484,422,|546,313,579,393,|657,327,686,382,|806,362,923,509,|
frame478.jpg|6|132,325,202,447,|389,302,414,409,|448,280,488,425,|536,310,570,377,|668,327,682,367,|806,357,916,513,|
frame479.jpg|6|144,320,189,452,|391,301,420,417,|448,294,481,446,|541,307,565,396,|652,327,684,401,|799,366,887,519,|
frame480.jpg|6|132,316,202,440,|389,295,424,439,|444,296,493,454,|538,305,569,380,|666,333,703,402,|803,355,915,503,|
frame481.jpg|6|142,319,193,439,|388,300,414,424,|450,307,488,452,|539,303,578,397,|659,319,686,375,|799,361,918,512,|
frame482.jpg|6|139,312,207,448,|382,302,416,418,|453,304,487,440,|549,300,579,380,|653,329,691,399,|805,361,920,506,|
frame483.jpg|6|143,314,210,448,|381,306,416,424,|449,304,488,436,|541,308,575,380,|643,326,701,407,|804,357,924,505,|
frame484.jpg|6|142,312,209,439,|379,306,415,410,|447,293,488,448,|545,319,584,384,|646,332,689,391,|793,357,942,536,|
frame485.jpg|6|139,309,206,447,|382,306,410,421,|451,294,509,445,|542,302,572,388,|655,336,698,385,|803,342,916,496,|
frame486.jpg|7|128,312,198,448,|290,325,324,391,|390,305,424,418,|448,306,479,443,|544,304,575,381,|648,332,698,402,|798,349,907,498,|
frame487.jpg|7|134,311,199,443,|306,330,327,381,|383,309,420,427,|448,311,485,432,|543,312,577,387,|650,326,694,387,|798,370,912,505,|
frame488.jpg|7|132,309,202,439,|303,322,328,396,|377,300,419,417,|435,294,484,438,|553,313,585,397,|652,336,690,391,|814,369,926,520,|
frame489.jpg|7|136,304,202,441,|301,329,325,382,|394,300,415,417,|442,301,485,443,|553,310,574,376,|650,335,689,394,|782,366,912,515,|
frame490.jpg|6|134,315,204,448,|367,298,412,416,|447,313,485,435,|548,321,587,386,|648,322,699,413,|796,360,910,498,|
frame491.jpg|7|133,312,207,452,|297,324,319,385,|385,301,414,429,|452,310,487,433,|554,302,578,393,|649,332,712,419,|800,377,904,502,|
frame492.jpg|7|129,313,205,450,|297,329,324,378,|386,301,410,417,|451,301,475,455,|547,304,573,389,|650,329,678,374,|809,372,916,517,|
frame493.jpg|7|130,307,195,442,|295,320,344,434,|380,288,406,427,|447,290,481,441,|554,312,578,386,|651,327,684,388,|803,355,932,536,|
frame494.jpg|7|131,302,201,452,|297,328,321,385,|387,294,413,414,|443,290,475,434,|552,307,574,376,|665,329,692,385,|824,366,907,497,|
frame495.jpg|7|151,308,193,438,|294,322,323,382,|382,307,418,427,|451,281,481,443,|548,312,571,379,|648,333,690,402,|813,361,916,501,|
frame496.jpg|6|146,307,209,434,|378,303,412,425,|444,295,479,444,|557,315,583,385,|655,333,694,390,|806,353,930,523,|
frame497.jpg|7|141,304,198,431,|298,319,331,395,|376,300,411,413,|443,287,491,440,|549,314,586,409,|650,322,689,413,|791,362,913,498,|
frame498.jpg|7|145,307,196,440,|303,322,324,389,|386,299,414,410,|449,287,476,442,|553,309,574,385,|652,324,687,394,|811,362,921,504,|
frame499.jpg|6|141,306,196,434,|376,303,400,421,|438,301,479,441,|554,307,579,386,|659,330,691,399,|809,358,922,513,|
